 5
 1.1752882834487602E+02
 2.0960490236160516E+00 -1.4292973864278904E+00 -1.3158864203576393E-01
-2.6230155333031631E+00 -6.9973254726644250E+00 -1.4233496895795158E+01
 6.1948743336405471E+01
 2.1558436794292430E+00 -1.4361582402473521E+00 -1.5388192453726127E-01
 1.6794530764903755E+01  8.9634150953286227E+00  3.2935922398111380E+01
 4.9742806181490266E+01
 2.5335985217491737E+00 -8.4773698794124996E-01 -2.4134991914061216E-01
-1.2678636521300694E+01  8.8226318642702246E+00 -7.4135891887772303E+00
 1.9739208802178677E+01
-1.0728746592493330E+01  6.3295732635685056E+00  7.8990413316690000E-01
-6.8701067200090193E+00 -1.6003488367733308E+01 -4.6041612406853156E+00
 2.7634892323050146E+01
-1.0644127730442863E+01  6.3028975024919287E+00  7.7480274395035953E-01
 1.2361653634808003E+00  5.2161916581990120E+00  3.3350026974165297E+00
 -1 1 0 0 0
 -1 -1 1 0 0
 0 0 0 -1 1
 -1 -1 -1 1 1
