 3
 1.1752882834487602E+02
-1.0733530511697070E-01 -1.2430213561928803E-01  4.1562593006695077E-02
-7.3226276217031385E+00 -5.3542099763693018E+00 -1.3767812619402513E+01
 6.1948743336405471E+01
-5.6400911468606048E-02 -1.2929639151079736E-01  2.8300798503666357E-03
 2.5163536931729357E+01  2.5367800850058178E+00  2.7934967248428080E+01
 4.9742806181490266E+01
 3.2384498333629663E-01  4.5471566782139544E-01 -1.0172571951130939E-01
-1.4036796466361869E+01  9.4912957890960623E+00 -2.2600500209700911E+00
 -1 1 0
 -1 -1 1
