 20
-5.1148174093961165E+00  8.2708257750476193E+00  4.4512633107297798E-02
-4.1861561606155480E+00 -2.6641274793835663E+00  6.3415770262472443E-02
 -1 -1 -1
 0 0 0 0 0 0 0 0 0 0 0 0 0
 0.0000000000000000E+00  0.0000000000000000E+00  0.0000000000000000E+00  0.0000000000000000E+00
 0.0000000000000000E+00  0.0000000000000000E+00  0.0000000000000000E+00  0.0000000000000000E+00
 0.0000000000000000E+00  0.0000000000000000E+00  0.0000000000000000E+00  0.0000000000000000E+00
 0.0000000000000000E+00
 3.1175641845971294E+00 -1.0408334842501180E+01 -3.6896750353159652E-01
 4.5221409307523235E+00  8.8867375594858056E-01  1.1319737460114997E-01
 -1 -1 -1
 0 0 0 0 0 0 0 0 0 0 0 0 0
 0.0000000000000000E+00  0.0000000000000000E+00  0.0000000000000000E+00  0.0000000000000000E+00
 0.0000000000000000E+00  0.0000000000000000E+00  0.0000000000000000E+00  0.0000000000000000E+00
 0.0000000000000000E+00  0.0000000000000000E+00  0.0000000000000000E+00  0.0000000000000000E+00
 0.0000000000000000E+00
 6.9395401104793741E+00  8.9496205952452197E+00 -2.7189288222257768E-01
-3.4899605790276702E+00  2.9071118935499660E+00 -1.3822302835940281E-01
 -1 -1 -1
 0 0 0 0 0 0 0 0 0 0 0 0 0
 0.0000000000000000E+00  0.0000000000000000E+00  0.0000000000000000E+00  0.0000000000000000E+00
 0.0000000000000000E+00  0.0000000000000000E+00  0.0000000000000000E+00  0.0000000000000000E+00
 0.0000000000000000E+00  0.0000000000000000E+00  0.0000000000000000E+00  0.0000000000000000E+00
 0.0000000000000000E+00
-1.0539178642300305E+01  4.0275538776467910E+00 -5.1373784273584044E-01
-1.7273594734111366E+00 -4.0168087490321547E+00  8.6729412919338764E-03
 -1 -1 -1
 0 0 0 0 0 0 0 0 0 0 0 0 0
 0.0000000000000000E+00  0.0000000000000000E+00  0.0000000000000000E+00  0.0000000000000000E+00
 0.0000000000000000E+00  0.0000000000000000E+00  0.0000000000000000E+00  0.0000000000000000E+00
 0.0000000000000000E+00  0.0000000000000000E+00  0.0000000000000000E+00  0.0000000000000000E+00
 0.0000000000000000E+00
 4.2967922697133236E+00  1.0650087441668687E+01  4.1636924810305696E-02
-4.1892961300644158E+00  1.7732547226144233E+00  9.3967534839826658E-02
 -1 -1 -1
 0 0 0 0 0 0 0 0 0 0 0 0 0
 0.0000000000000000E+00  0.0000000000000000E+00  0.0000000000000000E+00  0.0000000000000000E+00
 0.0000000000000000E+00  0.0000000000000000E+00  0.0000000000000000E+00  0.0000000000000000E+00
 0.0000000000000000E+00  0.0000000000000000E+00  0.0000000000000000E+00  0.0000000000000000E+00
 0.0000000000000000E+00
-1.3472768460332393E+01  4.5121424346308618E+00 -4.8063125426891135E-01
-1.2938188028739435E+00 -3.7176113036539395E+00  6.5594025265732922E-02
 -1 -1 -1
 0 0 0 0 0 0 0 0 0 0 0 0 0
 0.0000000000000000E+00  0.0000000000000000E+00  0.0000000000000000E+00  0.0000000000000000E+00
 0.0000000000000000E+00  0.0000000000000000E+00  0.0000000000000000E+00  0.0000000000000000E+00
 0.0000000000000000E+00  0.0000000000000000E+00  0.0000000000000000E+00  0.0000000000000000E+00
 0.0000000000000000E+00
 1.8349715328307095E+00 -1.2681322568400399E+01  9.2058405618254679E-02
 4.0349344999613646E+00  4.7403890050839542E-01  5.7381503482204922E-02
 -1 -1 -1
 0 0 0 0 0 0 0 0 0 0 0 0 0
 0.0000000000000000E+00  0.0000000000000000E+00  0.0000000000000000E+00  0.0000000000000000E+00
 0.0000000000000000E+00  0.0000000000000000E+00  0.0000000000000000E+00  0.0000000000000000E+00
 0.0000000000000000E+00  0.0000000000000000E+00  0.0000000000000000E+00  0.0000000000000000E+00
 0.0000000000000000E+00
 1.1799488316114502E+01 -1.7348119069720438E+00 -3.4408640593048462E-01
 5.7786434508867934E-01  4.3957414918366062E+00  1.4055953018173545E-01
 -1 -1 -1
 0 0 0 0 0 0 0 0 0 0 0 0 0
 0.0000000000000000E+00  0.0000000000000000E+00  0.0000000000000000E+00  0.0000000000000000E+00
 0.0000000000000000E+00  0.0000000000000000E+00  0.0000000000000000E+00  0.0000000000000000E+00
 0.0000000000000000E+00  0.0000000000000000E+00  0.0000000000000000E+00  0.0000000000000000E+00
 0.0000000000000000E+00
 2.6840355541184975E+00 -1.3933909209808117E+01 -2.5940473984470308E-01
 4.0248012533984134E+00  4.4036528705283223E-01  1.2517406533167325E-01
 -1 -1 -1
 0 0 0 0 0 0 0 0 0 0 0 0 0
 0.0000000000000000E+00  0.0000000000000000E+00  0.0000000000000000E+00  0.0000000000000000E+00
 0.0000000000000000E+00  0.0000000000000000E+00  0.0000000000000000E+00  0.0000000000000000E+00
 0.0000000000000000E+00  0.0000000000000000E+00  0.0000000000000000E+00  0.0000000000000000E+00
 0.0000000000000000E+00
-1.0427924284153356E+01  2.5548448266080990E+00 -1.7234306365567204E-01
-1.1504432350310083E+00 -4.5336739725067154E+00  1.6867194053274301E-01
 -1 -1 -1
 0 0 0 0 0 0 0 0 0 0 0 0 0
 0.0000000000000000E+00  0.0000000000000000E+00  0.0000000000000000E+00  0.0000000000000000E+00
 0.0000000000000000E+00  0.0000000000000000E+00  0.0000000000000000E+00  0.0000000000000000E+00
 0.0000000000000000E+00  0.0000000000000000E+00  0.0000000000000000E+00  0.0000000000000000E+00
 0.0000000000000000E+00
-1.7628557567518084E-02 -6.2220618442911421E-02 -3.3182128020478990E-01
 2.2877194782198892E+01  1.6965976106973044E+00 -4.6752497598190157E-01
 -1 -1 0
 0 0 0 0 0 0 0 0 0 0 0 0 0
 0.0000000000000000E+00  0.0000000000000000E+00  0.0000000000000000E+00  0.0000000000000000E+00
 0.0000000000000000E+00  0.0000000000000000E+00  0.0000000000000000E+00  0.0000000000000000E+00
 0.0000000000000000E+00  0.0000000000000000E+00  0.0000000000000000E+00  0.0000000000000000E+00
 0.0000000000000000E+00
-1.3500662924713813E-01 -6.3127168958777916E-02 -2.8583006551388335E-01
 2.0983232101372064E+01 -4.6372309240449944E-01 -1.0067414712681638E+01
 -1 -1 0
 0 0 0 0 0 0 0 0 0 0 0 0 0
 0.0000000000000000E+00  0.0000000000000000E+00  0.0000000000000000E+00  0.0000000000000000E+00
 0.0000000000000000E+00  0.0000000000000000E+00  0.0000000000000000E+00  0.0000000000000000E+00
 0.0000000000000000E+00  0.0000000000000000E+00  0.0000000000000000E+00  0.0000000000000000E+00
 0.0000000000000000E+00
 3.1449976527279772E-01  4.6123266225282698E-02  2.1434553287743643E-01
-1.3520753852193117E+01  1.9990355635184687E+00  1.6988346022894831E+01
 -1 -1 0
 0 0 0 0 0 0 0 0 0 0 0 0 0
 0.0000000000000000E+00  0.0000000000000000E+00  0.0000000000000000E+00  0.0000000000000000E+00
 0.0000000000000000E+00  0.0000000000000000E+00  0.0000000000000000E+00  0.0000000000000000E+00
 0.0000000000000000E+00  0.0000000000000000E+00  0.0000000000000000E+00  0.0000000000000000E+00
 0.0000000000000000E+00
-2.2079771474828092E-01  2.6047181175070176E-02  2.6540954840122172E-01
-1.7510808595014272E+01 -2.6829164885492087E+00 -1.3149468911499708E+01
 -1 -1 0
 0 0 0 0 0 0 0 0 0 0 0 0 0
 0.0000000000000000E+00  0.0000000000000000E+00  0.0000000000000000E+00  0.0000000000000000E+00
 0.0000000000000000E+00  0.0000000000000000E+00  0.0000000000000000E+00  0.0000000000000000E+00
 0.0000000000000000E+00  0.0000000000000000E+00  0.0000000000000000E+00  0.0000000000000000E+00
 0.0000000000000000E+00
-2.4771834867902720E-01  3.4671949276287736E-02  2.0306621058735472E-01
-1.3694965098878848E+01 -2.6487178582027053E+00 -1.9642013425486716E+01
 -1 -1 0
 0 0 0 0 0 0 0 0 0 0 0 0 0
 0.0000000000000000E+00  0.0000000000000000E+00  0.0000000000000000E+00  0.0000000000000000E+00
 0.0000000000000000E+00  0.0000000000000000E+00  0.0000000000000000E+00  0.0000000000000000E+00
 0.0000000000000000E+00  0.0000000000000000E+00  0.0000000000000000E+00  0.0000000000000000E+00
 0.0000000000000000E+00
 3.5484868913881348E-02 -7.2175446932661896E-02  7.8561062189765973E-05
 2.2356270724627567E+01  1.0832849237683797E+01  3.8134131767016655E-01
 0 0 -1
 0 0 0 0 0 0 0 0 0 0 0 0 0
 0.0000000000000000E+00  0.0000000000000000E+00  0.0000000000000000E+00  0.0000000000000000E+00
 0.0000000000000000E+00  0.0000000000000000E+00  0.0000000000000000E+00  0.0000000000000000E+00
 0.0000000000000000E+00  0.0000000000000000E+00  0.0000000000000000E+00  0.0000000000000000E+00
 0.0000000000000000E+00
 8.4165402974720527E-02  9.1423660900672669E-03 -2.0065489592025389E-03
-1.1991799177671902E+00  2.3857333799475388E+01  3.0080738147752606E-01
 0 0 -1
 0 0 0 0 0 0 0 0 0 0 0 0 0
 0.0000000000000000E+00  0.0000000000000000E+00  0.0000000000000000E+00  0.0000000000000000E+00
 0.0000000000000000E+00  0.0000000000000000E+00  0.0000000000000000E+00  0.0000000000000000E+00
 0.0000000000000000E+00  0.0000000000000000E+00  0.0000000000000000E+00  0.0000000000000000E+00
 0.0000000000000000E+00
 7.3160685325774577E-02 -6.1079911071683146E-02  3.3796884815135344E-03
 1.4118278484623175E+01  1.8076642029207438E+01  8.9799948531696136E-02
 0 0 -1
 0 0 0 0 0 0 0 0 0 0 0 0 0
 0.0000000000000000E+00  0.0000000000000000E+00  0.0000000000000000E+00  0.0000000000000000E+00
 0.0000000000000000E+00  0.0000000000000000E+00  0.0000000000000000E+00  0.0000000000000000E+00
 0.0000000000000000E+00  0.0000000000000000E+00  0.0000000000000000E+00  0.0000000000000000E+00
 0.0000000000000000E+00
-3.3393279911282566E-04  7.6756126229656940E-02  1.3374496104135200E-03
-2.4588920094414192E+01  1.8377006508139362E+00  5.9612014946755476E-01
 0 0 -1
 0 0 0 0 0 0 0 0 0 0 0 0 0
 0.0000000000000000E+00  0.0000000000000000E+00  0.0000000000000000E+00  0.0000000000000000E+00
 0.0000000000000000E+00  0.0000000000000000E+00  0.0000000000000000E+00  0.0000000000000000E+00
 0.0000000000000000E+00  0.0000000000000000E+00  0.0000000000000000E+00  0.0000000000000000E+00
 0.0000000000000000E+00
 3.9228375748350329E-02 -4.5530605974262145E-02  2.8649533748775916E-03
 2.1874695271880704E+01  1.8346137223807180E+01  3.5132748407479480E-01
 0 0 -1
 0 0 0 0 0 0 0 0 0 0 0 0 0
 0.0000000000000000E+00  0.0000000000000000E+00  0.0000000000000000E+00  0.0000000000000000E+00
 0.0000000000000000E+00  0.0000000000000000E+00  0.0000000000000000E+00  0.0000000000000000E+00
 0.0000000000000000E+00  0.0000000000000000E+00  0.0000000000000000E+00  0.0000000000000000E+00
 0.0000000000000000E+00
