 89
-7.8985304665590017E-01  1.2772180146217182E+00  6.8738404639603796E-03
-5.5379238825325965E+00 -3.5244110893417262E+00  8.3893599567510177E-02
 0 -1 0
 0 0 0 0 0 0 0 0 0 0 0 0 0
 0.0000000000000000E+00  0.0000000000000000E+00  0.0000000000000000E+00  0.0000000000000000E+00
 0.0000000000000000E+00  0.0000000000000000E+00  0.0000000000000000E+00  0.0000000000000000E+00
 0.0000000000000000E+00  0.0000000000000000E+00  0.0000000000000000E+00  0.0000000000000000E+00
 0.0000000000000000E+00
 5.3581428489359617E-01 -1.7888755965704541E+00 -6.3414270676613510E-02
 5.6706688834969592E+00  1.1143780551305404E+00  1.4194710860935050E-01
 0 -1 0
 0 0 0 0 0 0 0 0 0 0 0 0 0
 0.0000000000000000E+00  0.0000000000000000E+00  0.0000000000000000E+00  0.0000000000000000E+00
 0.0000000000000000E+00  0.0000000000000000E+00  0.0000000000000000E+00  0.0000000000000000E+00
 0.0000000000000000E+00  0.0000000000000000E+00  0.0000000000000000E+00  0.0000000000000000E+00
 0.0000000000000000E+00
 1.2757920366498148E+00  1.6453330486855990E+00 -4.9985844658136616E-02
-4.2314144172907406E+00  3.5247375723859666E+00 -1.6758897464810743E-01
 0 -1 0
 0 0 0 0 0 0 0 0 0 0 0 0 0
 0.0000000000000000E+00  0.0000000000000000E+00  0.0000000000000000E+00  0.0000000000000000E+00
 0.0000000000000000E+00  0.0000000000000000E+00  0.0000000000000000E+00  0.0000000000000000E+00
 0.0000000000000000E+00  0.0000000000000000E+00  0.0000000000000000E+00  0.0000000000000000E+00
 0.0000000000000000E+00
-1.7475363318993296E+00  6.6782213004917801E-01 -8.5184583706469336E-02
-2.2052744240576780E+00 -5.1281541201605787E+00  1.1072516118885925E-02
 0 -1 0
 0 0 0 0 0 0 0 0 0 0 0 0 0
 0.0000000000000000E+00  0.0000000000000000E+00  0.0000000000000000E+00  0.0000000000000000E+00
 0.0000000000000000E+00  0.0000000000000000E+00  0.0000000000000000E+00  0.0000000000000000E+00
 0.0000000000000000E+00  0.0000000000000000E+00  0.0000000000000000E+00  0.0000000000000000E+00
 0.0000000000000000E+00
 8.1821677106923796E-01  2.0280431566473154E+00  7.9287124061537036E-03
-4.9907830271728235E+00  2.1125099056537784E+00  1.1194519638234984E-01
 0 -1 0
 0 0 0 0 0 0 0 0 0 0 0 0 0
 0.0000000000000000E+00  0.0000000000000000E+00  0.0000000000000000E+00  0.0000000000000000E+00
 0.0000000000000000E+00  0.0000000000000000E+00  0.0000000000000000E+00  0.0000000000000000E+00
 0.0000000000000000E+00  0.0000000000000000E+00  0.0000000000000000E+00  0.0000000000000000E+00
 0.0000000000000000E+00
-2.9280739350964291E+00  9.8063636239163965E-01 -1.0445691634655913E-01
 0.0000000000000000E+00  0.0000000000000000E+00  0.0000000000000000E+00
 0 0 0
 0 0 0 0 0 0 0 0 0 0 0 0 0
 0.0000000000000000E+00  0.0000000000000000E+00  0.0000000000000000E+00  0.0000000000000000E+00
 0.0000000000000000E+00  0.0000000000000000E+00  0.0000000000000000E+00  0.0000000000000000E+00
 0.0000000000000000E+00  0.0000000000000000E+00  0.0000000000000000E+00  0.0000000000000000E+00
 0.0000000000000000E+00
 3.4836222979748221E-01 -2.4074999135785848E+00  1.7476931319639517E-02
 0.0000000000000000E+00  0.0000000000000000E+00  0.0000000000000000E+00
 0 0 0
 0 0 0 0 0 0 0 0 0 0 0 0 0
 0.0000000000000000E+00  0.0000000000000000E+00  0.0000000000000000E+00  0.0000000000000000E+00
 0.0000000000000000E+00  0.0000000000000000E+00  0.0000000000000000E+00  0.0000000000000000E+00
 0.0000000000000000E+00  0.0000000000000000E+00  0.0000000000000000E+00  0.0000000000000000E+00
 0.0000000000000000E+00
 2.3071964075587452E+00 -3.3921401439838461E-01 -6.7280453048834718E-02
 0.0000000000000000E+00  0.0000000000000000E+00  0.0000000000000000E+00
 0 0 0
 0 0 0 0 0 0 0 0 0 0 0 0 0
 0.0000000000000000E+00  0.0000000000000000E+00  0.0000000000000000E+00  0.0000000000000000E+00
 0.0000000000000000E+00  0.0000000000000000E+00  0.0000000000000000E+00  0.0000000000000000E+00
 0.0000000000000000E+00  0.0000000000000000E+00  0.0000000000000000E+00  0.0000000000000000E+00
 0.0000000000000000E+00
 6.0836544953710348E-01 -3.1582699890941366E+00 -5.8796866876641790E-02
 0.0000000000000000E+00  0.0000000000000000E+00  0.0000000000000000E+00
 0 0 0
 0 0 0 0 0 0 0 0 0 0 0 0 0
 0.0000000000000000E+00  0.0000000000000000E+00  0.0000000000000000E+00  0.0000000000000000E+00
 0.0000000000000000E+00  0.0000000000000000E+00  0.0000000000000000E+00  0.0000000000000000E+00
 0.0000000000000000E+00  0.0000000000000000E+00  0.0000000000000000E+00  0.0000000000000000E+00
 0.0000000000000000E+00
-1.8068674190888236E+00  4.4268310281470402E-01 -2.9862229350725154E-02
 0.0000000000000000E+00  0.0000000000000000E+00  0.0000000000000000E+00
 0 0 0
 0 0 0 0 0 0 0 0 0 0 0 0 0
 0.0000000000000000E+00  0.0000000000000000E+00  0.0000000000000000E+00  0.0000000000000000E+00
 0.0000000000000000E+00  0.0000000000000000E+00  0.0000000000000000E+00  0.0000000000000000E+00
 0.0000000000000000E+00  0.0000000000000000E+00  0.0000000000000000E+00  0.0000000000000000E+00
 0.0000000000000000E+00
-6.3764135788926715E-02 -2.2224019067263225E+00  4.1291167973688758E-02
 0.0000000000000000E+00  0.0000000000000000E+00  0.0000000000000000E+00
 0 0 0
 0 0 0 0 0 0 0 0 0 0 0 0 0
 0.0000000000000000E+00  0.0000000000000000E+00  0.0000000000000000E+00  0.0000000000000000E+00
 0.0000000000000000E+00  0.0000000000000000E+00  0.0000000000000000E+00  0.0000000000000000E+00
 0.0000000000000000E+00  0.0000000000000000E+00  0.0000000000000000E+00  0.0000000000000000E+00
 0.0000000000000000E+00
-7.2707733153949250E-01 -1.6743186573011435E+00  6.4614223835716064E-02
 0.0000000000000000E+00  0.0000000000000000E+00  0.0000000000000000E+00
 0 0 0
 0 0 0 0 0 0 0 0 0 0 0 0 0
 0.0000000000000000E+00  0.0000000000000000E+00  0.0000000000000000E+00  0.0000000000000000E+00
 0.0000000000000000E+00  0.0000000000000000E+00  0.0000000000000000E+00  0.0000000000000000E+00
 0.0000000000000000E+00  0.0000000000000000E+00  0.0000000000000000E+00  0.0000000000000000E+00
 0.0000000000000000E+00
 2.6558130211787598E+00  3.8949081858343543E-01  1.8100543151554245E+00
-4.6527778927561094E+00  6.8791049511365177E-01  5.8460498337520708E+00
 -1 -1 0
 0 0 0 0 0 0 0 0 0 0 0 0 0
 0.0000000000000000E+00  0.0000000000000000E+00  0.0000000000000000E+00  0.0000000000000000E+00
 0.0000000000000000E+00  0.0000000000000000E+00  0.0000000000000000E+00  0.0000000000000000E+00
 0.0000000000000000E+00  0.0000000000000000E+00  0.0000000000000000E+00  0.0000000000000000E+00
 0.0000000000000000E+00
-1.3709770267340717E+00  1.6173214040241515E-01  1.6479807952213987E+00
-7.0272984632568773E+00 -1.0766867112234018E+00 -5.2770403018816543E+00
 -1 -1 0
 0 0 0 0 0 0 0 0 0 0 0 0 0
 0.0000000000000000E+00  0.0000000000000000E+00  0.0000000000000000E+00  0.0000000000000000E+00
 0.0000000000000000E+00  0.0000000000000000E+00  0.0000000000000000E+00  0.0000000000000000E+00
 0.0000000000000000E+00  0.0000000000000000E+00  0.0000000000000000E+00  0.0000000000000000E+00
 0.0000000000000000E+00
-1.6392221442738608E+00  2.2943406228043692E-01  1.3437463592165189E+00
-5.3237923983500020E+00 -1.0296648364608008E+00 -7.6356530307226258E+00
 -1 -1 0
 0 0 0 0 0 0 0 0 0 0 0 0 0
 0.0000000000000000E+00  0.0000000000000000E+00  0.0000000000000000E+00  0.0000000000000000E+00
 0.0000000000000000E+00  0.0000000000000000E+00  0.0000000000000000E+00  0.0000000000000000E+00
 0.0000000000000000E+00  0.0000000000000000E+00  0.0000000000000000E+00  0.0000000000000000E+00
 0.0000000000000000E+00
 1.1390385223523338E+00 -3.7635946327355607E-01 -2.4368471993205616E+00
 7.3910239726458036E+00  6.3748016042893507E-01  3.3043054356912887E+00
 -1 -1 0
 0 0 0 0 0 0 0 0 0 0 0 0 0
 0.0000000000000000E+00  0.0000000000000000E+00  0.0000000000000000E+00  0.0000000000000000E+00
 0.0000000000000000E+00  0.0000000000000000E+00  0.0000000000000000E+00  0.0000000000000000E+00
 0.0000000000000000E+00  0.0000000000000000E+00  0.0000000000000000E+00  0.0000000000000000E+00
 0.0000000000000000E+00
 2.8591059730461796E+00  1.8697322180847853E-01  2.1358973707567558E-01
-2.0103956032003889E-01  1.1787488315516521E+00  7.6981850840310697E+00
 -1 -1 0
 0 0 0 0 0 0 0 0 0 0 0 0 0
 0.0000000000000000E+00  0.0000000000000000E+00  0.0000000000000000E+00  0.0000000000000000E+00
 0.0000000000000000E+00  0.0000000000000000E+00  0.0000000000000000E+00  0.0000000000000000E+00
 0.0000000000000000E+00  0.0000000000000000E+00  0.0000000000000000E+00  0.0000000000000000E+00
 0.0000000000000000E+00
 2.4966501198019473E+00 -4.0584257817833552E-01 -2.1488290908191976E+00
 4.6834297061604779E+00  1.0419697344368097E+00  5.6145233215158807E+00
 -1 -1 0
 0 0 0 0 0 0 0 0 0 0 0 0 0
 0.0000000000000000E+00  0.0000000000000000E+00  0.0000000000000000E+00  0.0000000000000000E+00
 0.0000000000000000E+00  0.0000000000000000E+00  0.0000000000000000E+00  0.0000000000000000E+00
 0.0000000000000000E+00  0.0000000000000000E+00  0.0000000000000000E+00  0.0000000000000000E+00
 0.0000000000000000E+00
 5.1248966586431050E-02  3.7553919706824634E-01  2.5117381443021416E+00
-8.0938981447816314E+00 -2.8899903181050757E-01  8.6115486217454551E-01
 -1 -1 0
 0 0 0 0 0 0 0 0 0 0 0 0 0
 0.0000000000000000E+00  0.0000000000000000E+00  0.0000000000000000E+00  0.0000000000000000E+00
 0.0000000000000000E+00  0.0000000000000000E+00  0.0000000000000000E+00  0.0000000000000000E+00
 0.0000000000000000E+00  0.0000000000000000E+00  0.0000000000000000E+00  0.0000000000000000E+00
 0.0000000000000000E+00
 1.2057561194532098E+00 -2.9683794446760603E-01 -1.4376953240041335E+00
 7.5419491866705179E+00  1.0848315253167169E+00  5.9245208328211820E+00
 -1 -1 0
 0 0 0 0 0 0 0 0 0 0 0 0 0
 0.0000000000000000E+00  0.0000000000000000E+00  0.0000000000000000E+00  0.0000000000000000E+00
 0.0000000000000000E+00  0.0000000000000000E+00  0.0000000000000000E+00  0.0000000000000000E+00
 0.0000000000000000E+00  0.0000000000000000E+00  0.0000000000000000E+00  0.0000000000000000E+00
 0.0000000000000000E+00
 1.2978628132851995E+00  2.7733947826699962E-01  1.0201125002111633E+00
-6.4188821463985741E+00  1.0971053153472745E+00  8.0402144192168858E+00
 -1 -1 0
 0 0 0 0 0 0 0 0 0 0 0 0 0
 0.0000000000000000E+00  0.0000000000000000E+00  0.0000000000000000E+00  0.0000000000000000E+00
 0.0000000000000000E+00  0.0000000000000000E+00  0.0000000000000000E+00  0.0000000000000000E+00
 0.0000000000000000E+00  0.0000000000000000E+00  0.0000000000000000E+00  0.0000000000000000E+00
 0.0000000000000000E+00
-1.1379106538194510E+00 -3.3283426171546820E-01 -2.3128187645066149E+00
 7.4380098280603200E+00 -4.4324308658353895E-01 -3.6404458653596419E+00
 -1 -1 0
 0 0 0 0 0 0 0 0 0 0 0 0 0
 0.0000000000000000E+00  0.0000000000000000E+00  0.0000000000000000E+00  0.0000000000000000E+00
 0.0000000000000000E+00  0.0000000000000000E+00  0.0000000000000000E+00  0.0000000000000000E+00
 0.0000000000000000E+00  0.0000000000000000E+00  0.0000000000000000E+00  0.0000000000000000E+00
 0.0000000000000000E+00
 1.6649397589729615E+00 -2.0284338452190731E+00 -7.2293988804162990E-02
 7.5404368241533515E+00  6.0998171268471619E+00  2.6104794778828982E-01
 -1 -1 -1
 0 0 0 0 0 0 0 0 0 0 0 0 0
 0.0000000000000000E+00  0.0000000000000000E+00  0.0000000000000000E+00  0.0000000000000000E+00
 0.0000000000000000E+00  0.0000000000000000E+00  0.0000000000000000E+00  0.0000000000000000E+00
 0.0000000000000000E+00  0.0000000000000000E+00  0.0000000000000000E+00  0.0000000000000000E+00
 0.0000000000000000E+00
 9.1880270005345099E-01  1.3655859394520129E+00  2.8195756975865335E-02
-1.0126309893710074E+01  6.6696872232761493E+00  2.9179097902641826E-01
 -1 -1 -1
 0 0 0 0 0 0 0 0 0 0 0 0 0
 0.0000000000000000E+00  0.0000000000000000E+00  0.0000000000000000E+00  0.0000000000000000E+00
 0.0000000000000000E+00  0.0000000000000000E+00  0.0000000000000000E+00  0.0000000000000000E+00
 0.0000000000000000E+00  0.0000000000000000E+00  0.0000000000000000E+00  0.0000000000000000E+00
 0.0000000000000000E+00
 1.4398405444595874E+00 -2.3602237284988594E+00 -1.1646844551191327E-02
 7.8240860526606539E+00  4.7728871985484256E+00  1.0843394736874472E-01
 -1 -1 -1
 0 0 0 0 0 0 0 0 0 0 0 0 0
 0.0000000000000000E+00  0.0000000000000000E+00  0.0000000000000000E+00  0.0000000000000000E+00
 0.0000000000000000E+00  0.0000000000000000E+00  0.0000000000000000E+00  0.0000000000000000E+00
 0.0000000000000000E+00  0.0000000000000000E+00  0.0000000000000000E+00  0.0000000000000000E+00
 0.0000000000000000E+00
-6.5720673673368213E-01  2.6950684030710201E+00 -4.1263678461645262E-02
-8.8692195445748041E+00 -1.7204025142490420E+00 -4.7416615814525678E-02
 -1 -1 -1
 0 0 0 0 0 0 0 0 0 0 0 0 0
 0.0000000000000000E+00  0.0000000000000000E+00  0.0000000000000000E+00  0.0000000000000000E+00
 0.0000000000000000E+00  0.0000000000000000E+00  0.0000000000000000E+00  0.0000000000000000E+00
 0.0000000000000000E+00  0.0000000000000000E+00  0.0000000000000000E+00  0.0000000000000000E+00
 0.0000000000000000E+00
 3.1830113910224567E+00 -4.2282356720580794E-01 -9.8661012809067278E-02
 1.1857272228445255E+00  8.5258286953886788E+00  2.6279996835274327E-01
 -1 -1 -1
 0 0 0 0 0 0 0 0 0 0 0 0 0
 0.0000000000000000E+00  0.0000000000000000E+00  0.0000000000000000E+00  0.0000000000000000E+00
 0.0000000000000000E+00  0.0000000000000000E+00  0.0000000000000000E+00  0.0000000000000000E+00
 0.0000000000000000E+00  0.0000000000000000E+00  0.0000000000000000E+00  0.0000000000000000E+00
 0.0000000000000000E+00
 1.9906640291898763E+00 -1.3828151389151673E+00 -3.6331893817451430E-02
 5.5399374819299796E+00  7.9420858196129913E+00  1.4771278152644893E-01
 -1 -1 -1
 0 0 0 0 0 0 0 0 0 0 0 0 0
 0.0000000000000000E+00  0.0000000000000000E+00  0.0000000000000000E+00  0.0000000000000000E+00
 0.0000000000000000E+00  0.0000000000000000E+00  0.0000000000000000E+00  0.0000000000000000E+00
 0.0000000000000000E+00  0.0000000000000000E+00  0.0000000000000000E+00  0.0000000000000000E+00
 0.0000000000000000E+00
 2.4463497175497248E-01 -3.1427456608346231E+00 -1.3197238254143684E-01
 8.4931888757307963E+00  8.0669879637737507E-01  1.9145396112670038E-01
 -1 -1 -1
 0 0 0 0 0 0 0 0 0 0 0 0 0
 0.0000000000000000E+00  0.0000000000000000E+00  0.0000000000000000E+00  0.0000000000000000E+00
 0.0000000000000000E+00  0.0000000000000000E+00  0.0000000000000000E+00  0.0000000000000000E+00
 0.0000000000000000E+00  0.0000000000000000E+00  0.0000000000000000E+00  0.0000000000000000E+00
 0.0000000000000000E+00
-2.8737185056731795E+00 -9.8001436033411410E-02  3.3602417566312326E-02
 8.4158525654865668E-01 -9.1500343053369626E+00  3.1937353897275689E-01
 -1 -1 -1
 0 0 0 0 0 0 0 0 0 0 0 0 0
 0.0000000000000000E+00  0.0000000000000000E+00  0.0000000000000000E+00  0.0000000000000000E+00
 0.0000000000000000E+00  0.0000000000000000E+00  0.0000000000000000E+00  0.0000000000000000E+00
 0.0000000000000000E+00  0.0000000000000000E+00  0.0000000000000000E+00  0.0000000000000000E+00
 0.0000000000000000E+00
 2.2120660708708568E+00 -6.1275255594688482E-01 -2.0894814663681451E-02
 2.1671930380361517E+00  9.9827001970988256E+00  4.0412793245572898E-01
 -1 -1 -1
 0 0 0 0 0 0 0 0 0 0 0 0 0
 0.0000000000000000E+00  0.0000000000000000E+00  0.0000000000000000E+00  0.0000000000000000E+00
 0.0000000000000000E+00  0.0000000000000000E+00  0.0000000000000000E+00  0.0000000000000000E+00
 0.0000000000000000E+00  0.0000000000000000E+00  0.0000000000000000E+00  0.0000000000000000E+00
 0.0000000000000000E+00
-1.5084488219694707E-02  1.9119406375496142E+00 -3.6195504627794306E-02
-1.1145337824877965E+01  5.3045926504143237E-01  3.3560369239308563E-01
 -1 -1 -1
 0 0 0 0 0 0 0 0 0 0 0 0 0
 0.0000000000000000E+00  0.0000000000000000E+00  0.0000000000000000E+00  0.0000000000000000E+00
 0.0000000000000000E+00  0.0000000000000000E+00  0.0000000000000000E+00  0.0000000000000000E+00
 0.0000000000000000E+00  0.0000000000000000E+00  0.0000000000000000E+00  0.0000000000000000E+00
 0.0000000000000000E+00
-6.2940552174419329E-01 -2.4212129970746967E+00 -4.4369244594634198E-02
 8.9419425659846841E+00 -2.6018024795958770E+00 -3.8910036089273453E-01
 -1 -1 -1
 0 0 0 0 0 0 0 0 0 0 0 0 0
 0.0000000000000000E+00  0.0000000000000000E+00  0.0000000000000000E+00  0.0000000000000000E+00
 0.0000000000000000E+00  0.0000000000000000E+00  0.0000000000000000E+00  0.0000000000000000E+00
 0.0000000000000000E+00  0.0000000000000000E+00  0.0000000000000000E+00  0.0000000000000000E+00
 0.0000000000000000E+00
 1.5886838752904784E+00 -9.9171014974821348E-01 -3.3035776595999045E-02
 6.0387034182461887E+00  9.2639205070157722E+00 -1.9988344116117776E-01
 -1 -1 -1
 0 0 0 0 0 0 0 0 0 0 0 0 0
 0.0000000000000000E+00  0.0000000000000000E+00  0.0000000000000000E+00  0.0000000000000000E+00
 0.0000000000000000E+00  0.0000000000000000E+00  0.0000000000000000E+00  0.0000000000000000E+00
 0.0000000000000000E+00  0.0000000000000000E+00  0.0000000000000000E+00  0.0000000000000000E+00
 0.0000000000000000E+00
-1.5470318510975727E+00  1.0376206405752133E+00 -6.6619802716054569E-02
-5.3314475702528501E+00 -9.4944789851187075E+00  5.0703199011135319E-02
 -1 -1 -1
 0 0 0 0 0 0 0 0 0 0 0 0 0
 0.0000000000000000E+00  0.0000000000000000E+00  0.0000000000000000E+00  0.0000000000000000E+00
 0.0000000000000000E+00  0.0000000000000000E+00  0.0000000000000000E+00  0.0000000000000000E+00
 0.0000000000000000E+00  0.0000000000000000E+00  0.0000000000000000E+00  0.0000000000000000E+00
 0.0000000000000000E+00
 2.7526641319995653E+00  1.1071404693800722E+00  2.1206658098433053E-02
-3.4268534897549716E+00  8.0789264936438574E+00 -3.1307745326397396E-01
 -1 -1 -1
 0 0 0 0 0 0 0 0 0 0 0 0 0
 0.0000000000000000E+00  0.0000000000000000E+00  0.0000000000000000E+00  0.0000000000000000E+00
 0.0000000000000000E+00  0.0000000000000000E+00  0.0000000000000000E+00  0.0000000000000000E+00
 0.0000000000000000E+00  0.0000000000000000E+00  0.0000000000000000E+00  0.0000000000000000E+00
 0.0000000000000000E+00
-1.5634666484666078E+00 -2.0564531939778932E+00 -3.1291335891034132E-02
 7.1925390261993041E+00 -6.1429277462738501E+00 -2.6484126405457459E-01
 -1 -1 -1
 0 0 0 0 0 0 0 0 0 0 0 0 0
 0.0000000000000000E+00  0.0000000000000000E+00  0.0000000000000000E+00  0.0000000000000000E+00
 0.0000000000000000E+00  0.0000000000000000E+00  0.0000000000000000E+00  0.0000000000000000E+00
 0.0000000000000000E+00  0.0000000000000000E+00  0.0000000000000000E+00  0.0000000000000000E+00
 0.0000000000000000E+00
 8.5144090828266883E-01  2.2386288789533966E+00  1.0510210615616609E-01
-8.9306303808402063E+00  3.8310734799742425E+00 -1.0119246551415821E-01
 -1 -1 -1
 0 0 0 0 0 0 0 0 0 0 0 0 0
 0.0000000000000000E+00  0.0000000000000000E+00  0.0000000000000000E+00  0.0000000000000000E+00
 0.0000000000000000E+00  0.0000000000000000E+00  0.0000000000000000E+00  0.0000000000000000E+00
 0.0000000000000000E+00  0.0000000000000000E+00  0.0000000000000000E+00  0.0000000000000000E+00
 0.0000000000000000E+00
 1.4644150539868819E+00  3.2529057939390644E+00  1.1852802941976748E-01
-7.3264665378157110E+00  2.6987525285210707E+00 -1.4144404619334597E-01
 -1 -1 -1
 0 0 0 0 0 0 0 0 0 0 0 0 0
 0.0000000000000000E+00  0.0000000000000000E+00  0.0000000000000000E+00  0.0000000000000000E+00
 0.0000000000000000E+00  0.0000000000000000E+00  0.0000000000000000E+00  0.0000000000000000E+00
 0.0000000000000000E+00  0.0000000000000000E+00  0.0000000000000000E+00  0.0000000000000000E+00
 0.0000000000000000E+00
 1.1188199277377500E+00  1.3201735948651050E+00 -1.6049863026526548E-03
-8.2522285631923680E+00  7.4854750041302331E+00  1.4368486868862101E-01
 -1 -1 -1
 0 0 0 0 0 0 0 0 0 0 0 0 0
 0.0000000000000000E+00  0.0000000000000000E+00  0.0000000000000000E+00  0.0000000000000000E+00
 0.0000000000000000E+00  0.0000000000000000E+00  0.0000000000000000E+00  0.0000000000000000E+00
 0.0000000000000000E+00  0.0000000000000000E+00  0.0000000000000000E+00  0.0000000000000000E+00
 0.0000000000000000E+00
-4.7623358057075411E-02 -1.8016985144591091E+00 -7.3873385401818895E-04
 1.1176443181069054E+01 -2.4230061955332946E-01  7.8406226623936440E-02
 -1 -1 -1
 0 0 0 0 0 0 0 0 0 0 0 0 0
 0.0000000000000000E+00  0.0000000000000000E+00  0.0000000000000000E+00  0.0000000000000000E+00
 0.0000000000000000E+00  0.0000000000000000E+00  0.0000000000000000E+00  0.0000000000000000E+00
 0.0000000000000000E+00  0.0000000000000000E+00  0.0000000000000000E+00  0.0000000000000000E+00
 0.0000000000000000E+00
 1.7658260365934282E+00  2.2014120208953769E+00 -1.0861901315862077E-01
-6.5718176214995303E+00  5.5114288244960878E+00  2.7934782204183284E-01
 -1 -1 -1
 0 0 0 0 0 0 0 0 0 0 0 0 0
 0.0000000000000000E+00  0.0000000000000000E+00  0.0000000000000000E+00  0.0000000000000000E+00
 0.0000000000000000E+00  0.0000000000000000E+00  0.0000000000000000E+00  0.0000000000000000E+00
 0.0000000000000000E+00  0.0000000000000000E+00  0.0000000000000000E+00  0.0000000000000000E+00
 0.0000000000000000E+00
-1.5993294034404288E+00  1.0985408876511686E+00 -3.2695272376677936E-02
 0.0000000000000000E+00  0.0000000000000000E+00  0.0000000000000000E+00
 0 0 0
 0 0 0 0 0 0 0 0 0 0 0 0 0
 0.0000000000000000E+00  0.0000000000000000E+00  0.0000000000000000E+00  0.0000000000000000E+00
 0.0000000000000000E+00  0.0000000000000000E+00  0.0000000000000000E+00  0.0000000000000000E+00
 0.0000000000000000E+00  0.0000000000000000E+00  0.0000000000000000E+00  0.0000000000000000E+00
 0.0000000000000000E+00
 2.6050714996248860E+00 -3.9239248712895053E-01  7.9423757199625633E-03
 0.0000000000000000E+00  0.0000000000000000E+00  0.0000000000000000E+00
 0 0 0
 0 0 0 0 0 0 0 0 0 0 0 0 0
 0.0000000000000000E+00  0.0000000000000000E+00  0.0000000000000000E+00  0.0000000000000000E+00
 0.0000000000000000E+00  0.0000000000000000E+00  0.0000000000000000E+00  0.0000000000000000E+00
 0.0000000000000000E+00  0.0000000000000000E+00  0.0000000000000000E+00  0.0000000000000000E+00
 0.0000000000000000E+00
-1.2422498609536452E+00 -2.9550853030549593E+00  1.4530292249683743E-01
 0.0000000000000000E+00  0.0000000000000000E+00  0.0000000000000000E+00
 0 0 0
 0 0 0 0 0 0 0 0 0 0 0 0 0
 0.0000000000000000E+00  0.0000000000000000E+00  0.0000000000000000E+00  0.0000000000000000E+00
 0.0000000000000000E+00  0.0000000000000000E+00  0.0000000000000000E+00  0.0000000000000000E+00
 0.0000000000000000E+00  0.0000000000000000E+00  0.0000000000000000E+00  0.0000000000000000E+00
 0.0000000000000000E+00
-1.8308354729794132E+00 -1.7835583891691085E+00  1.9180818415574116E-02
 0.0000000000000000E+00  0.0000000000000000E+00  0.0000000000000000E+00
 0 0 0
 0 0 0 0 0 0 0 0 0 0 0 0 0
 0.0000000000000000E+00  0.0000000000000000E+00  0.0000000000000000E+00  0.0000000000000000E+00
 0.0000000000000000E+00  0.0000000000000000E+00  0.0000000000000000E+00  0.0000000000000000E+00
 0.0000000000000000E+00  0.0000000000000000E+00  0.0000000000000000E+00  0.0000000000000000E+00
 0.0000000000000000E+00
-3.1471420754742807E+00 -2.4300310350922369E-01  8.9878079777855627E-02
 0.0000000000000000E+00  0.0000000000000000E+00  0.0000000000000000E+00
 0 0 0
 0 0 0 0 0 0 0 0 0 0 0 0 0
 0.0000000000000000E+00  0.0000000000000000E+00  0.0000000000000000E+00  0.0000000000000000E+00
 0.0000000000000000E+00  0.0000000000000000E+00  0.0000000000000000E+00  0.0000000000000000E+00
 0.0000000000000000E+00  0.0000000000000000E+00  0.0000000000000000E+00  0.0000000000000000E+00
 0.0000000000000000E+00
-1.4618943294130360E+00 -2.1620749504661463E+00  2.9984878413241919E-02
 0.0000000000000000E+00  0.0000000000000000E+00  0.0000000000000000E+00
 0 0 0
 0 0 0 0 0 0 0 0 0 0 0 0 0
 0.0000000000000000E+00  0.0000000000000000E+00  0.0000000000000000E+00  0.0000000000000000E+00
 0.0000000000000000E+00  0.0000000000000000E+00  0.0000000000000000E+00  0.0000000000000000E+00
 0.0000000000000000E+00  0.0000000000000000E+00  0.0000000000000000E+00  0.0000000000000000E+00
 0.0000000000000000E+00
-1.0773185762045712E+00 -2.7002877509908632E+00  1.0782098102327177E-01
 0.0000000000000000E+00  0.0000000000000000E+00  0.0000000000000000E+00
 0 0 0
 0 0 0 0 0 0 0 0 0 0 0 0 0
 0.0000000000000000E+00  0.0000000000000000E+00  0.0000000000000000E+00  0.0000000000000000E+00
 0.0000000000000000E+00  0.0000000000000000E+00  0.0000000000000000E+00  0.0000000000000000E+00
 0.0000000000000000E+00  0.0000000000000000E+00  0.0000000000000000E+00  0.0000000000000000E+00
 0.0000000000000000E+00
-2.4432229620896826E+00 -2.5274890646577726E+00  1.2589784638707774E-01
 0.0000000000000000E+00  0.0000000000000000E+00  0.0000000000000000E+00
 0 0 0
 0 0 0 0 0 0 0 0 0 0 0 0 0
 0.0000000000000000E+00  0.0000000000000000E+00  0.0000000000000000E+00  0.0000000000000000E+00
 0.0000000000000000E+00  0.0000000000000000E+00  0.0000000000000000E+00  0.0000000000000000E+00
 0.0000000000000000E+00  0.0000000000000000E+00  0.0000000000000000E+00  0.0000000000000000E+00
 0.0000000000000000E+00
-1.9779262280340046E-01 -2.3848680599955170E+00  2.3751360526587415E-02
 0.0000000000000000E+00  0.0000000000000000E+00  0.0000000000000000E+00
 0 0 0
 0 0 0 0 0 0 0 0 0 0 0 0 0
 0.0000000000000000E+00  0.0000000000000000E+00  0.0000000000000000E+00  0.0000000000000000E+00
 0.0000000000000000E+00  0.0000000000000000E+00  0.0000000000000000E+00  0.0000000000000000E+00
 0.0000000000000000E+00  0.0000000000000000E+00  0.0000000000000000E+00  0.0000000000000000E+00
 0.0000000000000000E+00
-1.7096498509973121E+00  1.5810422244377542E+00 -9.3250825277735844E-02
 0.0000000000000000E+00  0.0000000000000000E+00  0.0000000000000000E+00
 0 0 0
 0 0 0 0 0 0 0 0 0 0 0 0 0
 0.0000000000000000E+00  0.0000000000000000E+00  0.0000000000000000E+00  0.0000000000000000E+00
 0.0000000000000000E+00  0.0000000000000000E+00  0.0000000000000000E+00  0.0000000000000000E+00
 0.0000000000000000E+00  0.0000000000000000E+00  0.0000000000000000E+00  0.0000000000000000E+00
 0.0000000000000000E+00
 1.9188598361736695E+00  2.4958404645150236E+00  6.7167570617771330E-02
-3.1118998221762455E+00  2.4035969033643423E+00  1.0393728730721552E-02
 0 0 -1
 0 0 0 0 0 0 0 0 0 0 0 0 0
 0.0000000000000000E+00  0.0000000000000000E+00  0.0000000000000000E+00  0.0000000000000000E+00
 0.0000000000000000E+00  0.0000000000000000E+00  0.0000000000000000E+00  0.0000000000000000E+00
 0.0000000000000000E+00  0.0000000000000000E+00  0.0000000000000000E+00  0.0000000000000000E+00
 0.0000000000000000E+00
 4.7731100072629445E-01  1.5984547908826581E+00 -7.8478926316742248E-02
-5.3354334405947625E+00  1.2140829706019807E+00 -4.8636558561657939E-02
 0 0 -1
 0 0 0 0 0 0 0 0 0 0 0 0 0
 0.0000000000000000E+00  0.0000000000000000E+00  0.0000000000000000E+00  0.0000000000000000E+00
 0.0000000000000000E+00  0.0000000000000000E+00  0.0000000000000000E+00  0.0000000000000000E+00
 0.0000000000000000E+00  0.0000000000000000E+00  0.0000000000000000E+00  0.0000000000000000E+00
 0.0000000000000000E+00
-2.2200732522481195E+00  2.6937308499191714E+00 -1.0607302658159666E-01
-2.8838862508968655E+00 -2.4198677899460486E+00  1.1687265270486331E-01
 0 0 -1
 0 0 0 0 0 0 0 0 0 0 0 0 0
 0.0000000000000000E+00  0.0000000000000000E+00  0.0000000000000000E+00  0.0000000000000000E+00
 0.0000000000000000E+00  0.0000000000000000E+00  0.0000000000000000E+00  0.0000000000000000E+00
 0.0000000000000000E+00  0.0000000000000000E+00  0.0000000000000000E+00  0.0000000000000000E+00
 0.0000000000000000E+00
-1.9370485808027280E+00 -1.0415123215977697E+00  2.3291048863997160E-02
 2.2189927645955230E+00 -4.3745772387521793E+00  2.5246894983299396E-02
 0 0 -1
 0 0 0 0 0 0 0 0 0 0 0 0 0
 0.0000000000000000E+00  0.0000000000000000E+00  0.0000000000000000E+00  0.0000000000000000E+00
 0.0000000000000000E+00  0.0000000000000000E+00  0.0000000000000000E+00  0.0000000000000000E+00
 0.0000000000000000E+00  0.0000000000000000E+00  0.0000000000000000E+00  0.0000000000000000E+00
 0.0000000000000000E+00
 2.3860159088702062E+00 -2.4445219980053472E+00  9.3687034938041328E-02
 2.8312845230216013E+00  2.5601303604959620E+00  2.1659538389297295E-02
 0 0 -1
 0 0 0 0 0 0 0 0 0 0 0 0 0
 0.0000000000000000E+00  0.0000000000000000E+00  0.0000000000000000E+00  0.0000000000000000E+00
 0.0000000000000000E+00  0.0000000000000000E+00  0.0000000000000000E+00  0.0000000000000000E+00
 0.0000000000000000E+00  0.0000000000000000E+00  0.0000000000000000E+00  0.0000000000000000E+00
 0.0000000000000000E+00
-1.4795531580035095E+00 -3.4544214942751184E-01  4.4832784463161024E-03
 1.0429004510764628E+00 -5.7431924695858454E+00  2.6988482595529178E-01
 0 0 -1
 0 0 0 0 0 0 0 0 0 0 0 0 0
 0.0000000000000000E+00  0.0000000000000000E+00  0.0000000000000000E+00  0.0000000000000000E+00
 0.0000000000000000E+00  0.0000000000000000E+00  0.0000000000000000E+00  0.0000000000000000E+00
 0.0000000000000000E+00  0.0000000000000000E+00  0.0000000000000000E+00  0.0000000000000000E+00
 0.0000000000000000E+00
 2.1766823397745694E+00  2.8559906319403150E-01  8.8735088461251777E-02
-7.7762045670286772E-01  4.7922985041022956E+00 -1.0270270635662863E-01
 0 0 -1
 0 0 0 0 0 0 0 0 0 0 0 0 0
 0.0000000000000000E+00  0.0000000000000000E+00  0.0000000000000000E+00  0.0000000000000000E+00
 0.0000000000000000E+00  0.0000000000000000E+00  0.0000000000000000E+00  0.0000000000000000E+00
 0.0000000000000000E+00  0.0000000000000000E+00  0.0000000000000000E+00  0.0000000000000000E+00
 0.0000000000000000E+00
 1.3610655691892513E+00 -2.1871139643905222E+00  7.8294592628761303E-02
 8.1246086704916465E+00  4.9472813587108284E+00 -7.1315035093412651E-02
 -1 -1 -1
 0 0 0 0 0 0 0 0 0 0 0 0 0
 0.0000000000000000E+00  0.0000000000000000E+00  0.0000000000000000E+00  0.0000000000000000E+00
 0.0000000000000000E+00  0.0000000000000000E+00  0.0000000000000000E+00  0.0000000000000000E+00
 0.0000000000000000E+00  0.0000000000000000E+00  0.0000000000000000E+00  0.0000000000000000E+00
 0.0000000000000000E+00
-1.1359144872490374E+00 -1.1230917407995120E+00 -5.4848087694992671E-02
 8.5170232377877646E+00 -7.9435445206834254E+00  3.0518387571711869E-01
 -1 -1 -1
 0 0 0 0 0 0 0 0 0 0 0 0 0
 0.0000000000000000E+00  0.0000000000000000E+00  0.0000000000000000E+00  0.0000000000000000E+00
 0.0000000000000000E+00  0.0000000000000000E+00  0.0000000000000000E+00  0.0000000000000000E+00
 0.0000000000000000E+00  0.0000000000000000E+00  0.0000000000000000E+00  0.0000000000000000E+00
 0.0000000000000000E+00
-1.8464453710238833E+00 -2.9459363788940625E+00  1.2234662896222458E-01
 6.4033607234318604E+00 -4.7924720761458985E+00  5.3700288857282841E-02
 -1 -1 -1
 0 0 0 0 0 0 0 0 0 0 0 0 0
 0.0000000000000000E+00  0.0000000000000000E+00  0.0000000000000000E+00  0.0000000000000000E+00
 0.0000000000000000E+00  0.0000000000000000E+00  0.0000000000000000E+00  0.0000000000000000E+00
 0.0000000000000000E+00  0.0000000000000000E+00  0.0000000000000000E+00  0.0000000000000000E+00
 0.0000000000000000E+00
-1.6038017636830428E+00  1.1794927581702144E+00 -9.2565413820743431E-02
-6.3059804011628904E+00 -8.6678138567083263E+00 -8.3594234293639214E-02
 -1 -1 -1
 0 0 0 0 0 0 0 0 0 0 0 0 0
 0.0000000000000000E+00  0.0000000000000000E+00  0.0000000000000000E+00  0.0000000000000000E+00
 0.0000000000000000E+00  0.0000000000000000E+00  0.0000000000000000E+00  0.0000000000000000E+00
 0.0000000000000000E+00  0.0000000000000000E+00  0.0000000000000000E+00  0.0000000000000000E+00
 0.0000000000000000E+00
-8.6184967412270586E-01 -2.6295374969500966E+00 -3.2834877863983744E-02
 8.8018703918212058E+00 -2.8560394280518997E+00  2.5771754474748276E-01
 -1 -1 -1
 0 0 0 0 0 0 0 0 0 0 0 0 0
 0.0000000000000000E+00  0.0000000000000000E+00  0.0000000000000000E+00  0.0000000000000000E+00
 0.0000000000000000E+00  0.0000000000000000E+00  0.0000000000000000E+00  0.0000000000000000E+00
 0.0000000000000000E+00  0.0000000000000000E+00  0.0000000000000000E+00  0.0000000000000000E+00
 0.0000000000000000E+00
 2.3844053185985419E+00 -4.6000112456901016E-01  9.7740108605934139E-03
 2.2113681530060139E+00  9.9166547855627805E+00 -2.7908822019749380E-01
 -1 -1 -1
 0 0 0 0 0 0 0 0 0 0 0 0 0
 0.0000000000000000E+00  0.0000000000000000E+00  0.0000000000000000E+00  0.0000000000000000E+00
 0.0000000000000000E+00  0.0000000000000000E+00  0.0000000000000000E+00  0.0000000000000000E+00
 0.0000000000000000E+00  0.0000000000000000E+00  0.0000000000000000E+00  0.0000000000000000E+00
 0.0000000000000000E+00
 5.2125198230472136E-01 -1.4502276840370516E+00 -5.1044443711970033E-02
 1.1691425682102439E+01  3.4058098819034570E+00  3.1885224769491888E-01
 -1 -1 -1
 0 0 0 0 0 0 0 0 0 0 0 0 0
 0.0000000000000000E+00  0.0000000000000000E+00  0.0000000000000000E+00  0.0000000000000000E+00
 0.0000000000000000E+00  0.0000000000000000E+00  0.0000000000000000E+00  0.0000000000000000E+00
 0.0000000000000000E+00  0.0000000000000000E+00  0.0000000000000000E+00  0.0000000000000000E+00
 0.0000000000000000E+00
 3.0450992906556134E+00 -1.8857665917558488E+00  1.0300089450008124E-01
 4.1111764285202970E+00  6.4585153813482243E+00 -2.2319815951470284E-01
 -1 -1 -1
 0 0 0 0 0 0 0 0 0 0 0 0 0
 0.0000000000000000E+00  0.0000000000000000E+00  0.0000000000000000E+00  0.0000000000000000E+00
 0.0000000000000000E+00  0.0000000000000000E+00  0.0000000000000000E+00  0.0000000000000000E+00
 0.0000000000000000E+00  0.0000000000000000E+00  0.0000000000000000E+00  0.0000000000000000E+00
 0.0000000000000000E+00
-1.2033740705143903E+00 -2.0012297240818859E+00  7.8403763041794527E-02
 8.7513160227692079E+00 -4.3855768097512584E+00 -2.0483648439631963E-02
 -1 -1 -1
 0 0 0 0 0 0 0 0 0 0 0 0 0
 0.0000000000000000E+00  0.0000000000000000E+00  0.0000000000000000E+00  0.0000000000000000E+00
 0.0000000000000000E+00  0.0000000000000000E+00  0.0000000000000000E+00  0.0000000000000000E+00
 0.0000000000000000E+00  0.0000000000000000E+00  0.0000000000000000E+00  0.0000000000000000E+00
 0.0000000000000000E+00
 2.1487027931405565E+00 -1.2801899302254229E+00  1.0832978132626287E-03
 4.4908612001726507E+00  8.3960019191114181E+00 -3.3989344812360023E-01
 -1 -1 -1
 0 0 0 0 0 0 0 0 0 0 0 0 0
 0.0000000000000000E+00  0.0000000000000000E+00  0.0000000000000000E+00  0.0000000000000000E+00
 0.0000000000000000E+00  0.0000000000000000E+00  0.0000000000000000E+00  0.0000000000000000E+00
 0.0000000000000000E+00  0.0000000000000000E+00  0.0000000000000000E+00  0.0000000000000000E+00
 0.0000000000000000E+00
-1.9937162697436317E+00  3.5734319402203157E-01  9.0859011468144540E-02
-1.7733927056309799E+00 -1.0490560255063620E+01 -1.0296758929548576E-01
 -1 -1 -1
 0 0 0 0 0 0 0 0 0 0 0 0 0
 0.0000000000000000E+00  0.0000000000000000E+00  0.0000000000000000E+00  0.0000000000000000E+00
 0.0000000000000000E+00  0.0000000000000000E+00  0.0000000000000000E+00  0.0000000000000000E+00
 0.0000000000000000E+00  0.0000000000000000E+00  0.0000000000000000E+00  0.0000000000000000E+00
 0.0000000000000000E+00
 2.8221271396976606E+00  1.4653172235231247E+00  6.6231170405820841E-02
-4.0589060305526310E+00  7.6249355734662236E+00 -6.2708497232507598E-02
 -1 -1 -1
 0 0 0 0 0 0 0 0 0 0 0 0 0
 0.0000000000000000E+00  0.0000000000000000E+00  0.0000000000000000E+00  0.0000000000000000E+00
 0.0000000000000000E+00  0.0000000000000000E+00  0.0000000000000000E+00  0.0000000000000000E+00
 0.0000000000000000E+00  0.0000000000000000E+00  0.0000000000000000E+00  0.0000000000000000E+00
 0.0000000000000000E+00
-1.1161320319342485E+00 -1.3125773520499366E+00  4.2936777242919520E-02
 8.5004593038633072E+00 -7.1254306371880753E+00 -2.3023335692022776E-01
 -1 -1 -1
 0 0 0 0 0 0 0 0 0 0 0 0 0
 0.0000000000000000E+00  0.0000000000000000E+00  0.0000000000000000E+00  0.0000000000000000E+00
 0.0000000000000000E+00  0.0000000000000000E+00  0.0000000000000000E+00  0.0000000000000000E+00
 0.0000000000000000E+00  0.0000000000000000E+00  0.0000000000000000E+00  0.0000000000000000E+00
 0.0000000000000000E+00
-2.7839179655491950E+00 -2.1716511412208543E+00 -2.5569063338998090E-02
 4.6306145681534980E+00 -6.1668242928791486E+00  1.2428357340377566E-01
 -1 -1 -1
 0 0 0 0 0 0 0 0 0 0 0 0 0
 0.0000000000000000E+00  0.0000000000000000E+00  0.0000000000000000E+00  0.0000000000000000E+00
 0.0000000000000000E+00  0.0000000000000000E+00  0.0000000000000000E+00  0.0000000000000000E+00
 0.0000000000000000E+00  0.0000000000000000E+00  0.0000000000000000E+00  0.0000000000000000E+00
 0.0000000000000000E+00
 1.1279359744186168E+00  2.8150515439792643E+00 -4.8236446796397138E-02
-8.0290793702449683E+00  3.2761121836386624E+00  2.7991355368156523E-01
 -1 -1 -1
 0 0 0 0 0 0 0 0 0 0 0 0 0
 0.0000000000000000E+00  0.0000000000000000E+00  0.0000000000000000E+00  0.0000000000000000E+00
 0.0000000000000000E+00  0.0000000000000000E+00  0.0000000000000000E+00  0.0000000000000000E+00
 0.0000000000000000E+00  0.0000000000000000E+00  0.0000000000000000E+00  0.0000000000000000E+00
 0.0000000000000000E+00
-2.2450839196921537E+00 -1.9254065665429880E+00  9.8563664015578659E-02
 5.7005486258071869E+00 -6.6384062328565649E+00 -2.6290390303517919E-01
 -1 -1 -1
 0 0 0 0 0 0 0 0 0 0 0 0 0
 0.0000000000000000E+00  0.0000000000000000E+00  0.0000000000000000E+00  0.0000000000000000E+00
 0.0000000000000000E+00  0.0000000000000000E+00  0.0000000000000000E+00  0.0000000000000000E+00
 0.0000000000000000E+00  0.0000000000000000E+00  0.0000000000000000E+00  0.0000000000000000E+00
 0.0000000000000000E+00
-1.7757753943652175E+00 -1.9410395276710672E+00 -3.3385807836264728E-02
 7.5341050015982631E+00 -6.0324096139901693E+00  2.8032602646734089E-01
 -1 -1 -1
 0 0 0 0 0 0 0 0 0 0 0 0 0
 0.0000000000000000E+00  0.0000000000000000E+00  0.0000000000000000E+00  0.0000000000000000E+00
 0.0000000000000000E+00  0.0000000000000000E+00  0.0000000000000000E+00  0.0000000000000000E+00
 0.0000000000000000E+00  0.0000000000000000E+00  0.0000000000000000E+00  0.0000000000000000E+00
 0.0000000000000000E+00
-1.9090779302063152E+00  7.1321034658202598E-01 -5.2589300261124648E-03
-3.9644784337420127E+00 -1.0121606028128443E+01 -1.4604542502455525E-01
 -1 -1 -1
 0 0 0 0 0 0 0 0 0 0 0 0 0
 0.0000000000000000E+00  0.0000000000000000E+00  0.0000000000000000E+00  0.0000000000000000E+00
 0.0000000000000000E+00  0.0000000000000000E+00  0.0000000000000000E+00  0.0000000000000000E+00
 0.0000000000000000E+00  0.0000000000000000E+00  0.0000000000000000E+00  0.0000000000000000E+00
 0.0000000000000000E+00
-1.6869553917891400E+00 -7.9092432689106684E-01  2.7802095207085899E-02
 4.2078536072578769E+00 -9.7492496288451989E+00 -4.1890998921320666E-01
 -1 -1 -1
 0 0 0 0 0 0 0 0 0 0 0 0 0
 0.0000000000000000E+00  0.0000000000000000E+00  0.0000000000000000E+00  0.0000000000000000E+00
 0.0000000000000000E+00  0.0000000000000000E+00  0.0000000000000000E+00  0.0000000000000000E+00
 0.0000000000000000E+00  0.0000000000000000E+00  0.0000000000000000E+00  0.0000000000000000E+00
 0.0000000000000000E+00
-2.0946956047259775E+00  2.7617283957868151E+00 -1.7471503166937080E-01
-5.9681675708331312E+00 -4.9712834376396549E+00  1.1569979537960906E-01
 -1 -1 -1
 0 0 0 0 0 0 0 0 0 0 0 0 0
 0.0000000000000000E+00  0.0000000000000000E+00  0.0000000000000000E+00  0.0000000000000000E+00
 0.0000000000000000E+00  0.0000000000000000E+00  0.0000000000000000E+00  0.0000000000000000E+00
 0.0000000000000000E+00  0.0000000000000000E+00  0.0000000000000000E+00  0.0000000000000000E+00
 0.0000000000000000E+00
-3.0080264625753634E+00 -1.1282918224551219E+00  6.4689177239111231E-02
 3.0221796125628373E+00 -7.7939683153198960E+00  3.0363152962692785E-01
 -1 -1 -1
 0 0 0 0 0 0 0 0 0 0 0 0 0
 0.0000000000000000E+00  0.0000000000000000E+00  0.0000000000000000E+00  0.0000000000000000E+00
 0.0000000000000000E+00  0.0000000000000000E+00  0.0000000000000000E+00  0.0000000000000000E+00
 0.0000000000000000E+00  0.0000000000000000E+00  0.0000000000000000E+00  0.0000000000000000E+00
 0.0000000000000000E+00
 3.0321685453477474E+00 -8.6892447998723987E-01  1.1830450241387452E-01
 2.9733124827321720E+00  8.1177993554705044E+00 -9.7912340065219511E-02
 -1 -1 -1
 0 0 0 0 0 0 0 0 0 0 0 0 0
 0.0000000000000000E+00  0.0000000000000000E+00  0.0000000000000000E+00  0.0000000000000000E+00
 0.0000000000000000E+00  0.0000000000000000E+00  0.0000000000000000E+00  0.0000000000000000E+00
 0.0000000000000000E+00  0.0000000000000000E+00  0.0000000000000000E+00  0.0000000000000000E+00
 0.0000000000000000E+00
 1.8695041440579290E+00 -2.5576367170688052E+00 -1.2947162713541263E-01
 6.8849479159362152E+00  5.0838735784359486E+00  2.3354425355473284E-02
 -1 -1 -1
 0 0 0 0 0 0 0 0 0 0 0 0 0
 0.0000000000000000E+00  0.0000000000000000E+00  0.0000000000000000E+00  0.0000000000000000E+00
 0.0000000000000000E+00  0.0000000000000000E+00  0.0000000000000000E+00  0.0000000000000000E+00
 0.0000000000000000E+00  0.0000000000000000E+00  0.0000000000000000E+00  0.0000000000000000E+00
 0.0000000000000000E+00
-6.8286160348312441E-01 -2.9023768929629585E+00  7.0088305339922927E-02
 8.2466723399467039E+00 -1.8673877664098786E+00  2.8571279477418132E-01
 -1 -1 -1
 0 0 0 0 0 0 0 0 0 0 0 0 0
 0.0000000000000000E+00  0.0000000000000000E+00  0.0000000000000000E+00  0.0000000000000000E+00
 0.0000000000000000E+00  0.0000000000000000E+00  0.0000000000000000E+00  0.0000000000000000E+00
 0.0000000000000000E+00  0.0000000000000000E+00  0.0000000000000000E+00  0.0000000000000000E+00
 0.0000000000000000E+00
-1.4590601586851786E+00 -1.2186656298088863E+00 -4.0233172557693202E-02
 7.0735185163374128E+00 -8.3282794367188977E+00  3.2941241061042503E-01
 -1 -1 -1
 0 0 0 0 0 0 0 0 0 0 0 0 0
 0.0000000000000000E+00  0.0000000000000000E+00  0.0000000000000000E+00  0.0000000000000000E+00
 0.0000000000000000E+00  0.0000000000000000E+00  0.0000000000000000E+00  0.0000000000000000E+00
 0.0000000000000000E+00  0.0000000000000000E+00  0.0000000000000000E+00  0.0000000000000000E+00
 0.0000000000000000E+00
-5.6071402979114071E-01 -1.9828824714313666E+00 -9.0174927756272415E-03
 1.0380809015331721E+01 -2.3996067835526427E+00 -4.5752960286639183E-01
 -1 -1 -1
 0 0 0 0 0 0 0 0 0 0 0 0 0
 0.0000000000000000E+00  0.0000000000000000E+00  0.0000000000000000E+00  0.0000000000000000E+00
 0.0000000000000000E+00  0.0000000000000000E+00  0.0000000000000000E+00  0.0000000000000000E+00
 0.0000000000000000E+00  0.0000000000000000E+00  0.0000000000000000E+00  0.0000000000000000E+00
 0.0000000000000000E+00
 2.0081382221804791E+00  1.4258237860183176E+00 -4.1290031109496278E-02
-6.0171540806733939E+00  7.7966911786579542E+00 -2.7793044633025143E-01
 -1 -1 -1
 0 0 0 0 0 0 0 0 0 0 0 0 0
 0.0000000000000000E+00  0.0000000000000000E+00  0.0000000000000000E+00  0.0000000000000000E+00
 0.0000000000000000E+00  0.0000000000000000E+00  0.0000000000000000E+00  0.0000000000000000E+00
 0.0000000000000000E+00  0.0000000000000000E+00  0.0000000000000000E+00  0.0000000000000000E+00
 0.0000000000000000E+00
 4.7931398359950889E-01 -1.8728242058485705E+00 -4.9817772881127424E-02
 1.0741727545583251E+01  2.3946858744765622E+00 -1.3055685741242767E-01
 -1 -1 -1
 0 0 0 0 0 0 0 0 0 0 0 0 0
 0.0000000000000000E+00  0.0000000000000000E+00  0.0000000000000000E+00  0.0000000000000000E+00
 0.0000000000000000E+00  0.0000000000000000E+00  0.0000000000000000E+00  0.0000000000000000E+00
 0.0000000000000000E+00  0.0000000000000000E+00  0.0000000000000000E+00  0.0000000000000000E+00
 0.0000000000000000E+00
-2.1132576606007860E+00 -1.0796414203212208E+00 -6.1578803243313517E-02
 4.9272921426410914E+00 -8.6889456731118031E+00  1.0575895027744817E-02
 -1 -1 -1
 0 0 0 0 0 0 0 0 0 0 0 0 0
 0.0000000000000000E+00  0.0000000000000000E+00  0.0000000000000000E+00  0.0000000000000000E+00
 0.0000000000000000E+00  0.0000000000000000E+00  0.0000000000000000E+00  0.0000000000000000E+00
 0.0000000000000000E+00  0.0000000000000000E+00  0.0000000000000000E+00  0.0000000000000000E+00
 0.0000000000000000E+00
 2.5288638721327437E+00 -1.0804376937386830E+00  8.0757757916721157E-02
 3.5791079667211321E+00  8.5713920200354394E+00  2.1668328562127326E-01
 -1 -1 -1
 0 0 0 0 0 0 0 0 0 0 0 0 0
 0.0000000000000000E+00  0.0000000000000000E+00  0.0000000000000000E+00  0.0000000000000000E+00
 0.0000000000000000E+00  0.0000000000000000E+00  0.0000000000000000E+00  0.0000000000000000E+00
 0.0000000000000000E+00  0.0000000000000000E+00  0.0000000000000000E+00  0.0000000000000000E+00
 0.0000000000000000E+00
