2458325.3253800   0.9999605   0.0006498  
2458325.3461900   1.0011412   0.0006498  
2458325.3670000   0.9994327   0.0006498  
2458325.3878800   1.0005834   0.0006498  
2458325.4086900   1.0004743   0.0006598  
2458325.4295000   1.0000449   0.0006599  
2458325.4503800   0.9993350   0.0006599  
2458325.4711900   1.0003339   0.0006599  
2458325.4920000   1.0008922   0.0006599  
2458325.5128800   0.9983800   0.0006599  
2458325.5336900   0.9991660   0.0006600  
2458325.5545000   0.9995607   0.0006600  
2458325.5753800   0.9996145   0.0006600  
2458325.5961900   0.9991767   0.0006600  
2458325.6170000   1.0005780   0.0006600  
2458325.6378800   0.9993984   0.0006600  
2458325.6586900   1.0002683   0.0006600  
2458325.6795000   1.0001675   0.0006601  
2458325.7003800   0.9998365   0.0006601  
2458325.7211900   1.0011958   0.0006601  
2458325.7420000   1.0012548   0.0006601  
2458325.7628800   1.0006439   0.0006701  
2458325.7836900   1.0006433   0.0006701  
2458325.8045000   1.0002023   0.0006701  
2458325.8253800   0.9999413   0.0006701  
2458325.8461900   0.9995493   0.0006702  
2458325.8670000   1.0000167   0.0006702  
2458325.8878800   0.9996427   0.0006702  
2458325.9086900   0.9992776   0.0006702  
2458325.9295000   1.0000414   0.0006702  
2458325.9503800   0.9996530   0.0006702  
2458325.9711900   0.9999334   0.0006702  
2458325.9920000   0.9984614   0.0006702  
2458326.0128800   0.9989683   0.0006702  
2458326.0336900   0.9983432   0.0006702  
2458326.0545000   1.0005378   0.0006702  
2458326.0753800   1.0015612   0.0006702  
2458326.0961900   0.9999129   0.0006702  
2458326.1170000   1.0001554   0.0006702  
2458326.1378800   0.9995873   0.0006702  
2458326.1586900   0.9996297   0.0006702  
2458326.1795000   1.0005828   0.0006702  
2458326.2003800   1.0001461   0.0006702  
2458326.2211900   0.9999006   0.0006702  
2458326.2420000   1.0004565   0.0006702  
2458326.2628800   1.0020140   0.0006703  
2458326.2836900   1.0001518   0.0006703  
2458326.3045000   0.9998918   0.0006703  
2458326.3253800   1.0000534   0.0006703  
2458326.3461900   1.0014667   0.0006703  
2458326.3670000   1.0004703   0.0006703  
2458326.3878800   0.9998051   0.0006703  
2458326.4086900   1.0009513   0.0006703  
2458326.4295000   0.9992965   0.0006703  
2458326.4503800   0.9993326   0.0006703  
2458326.4711900   0.9980775   0.0006703  
2458326.4920000   0.9998635   0.0006704  
2458326.5128800   1.0001181   0.0006704  
2458326.5336900   0.9994115   0.0006704  
2458326.5545000   1.0012658   0.0006804  
2458326.5753800   1.0012084   0.0006804  
2458326.5961900   0.9996496   0.0006804  
2458326.6170000   0.9995106   0.0006804  
2458326.6378800   0.9990605   0.0006804  
2458326.6586900   0.9991093   0.0006804  
2458326.6795000   0.9998572   0.0006804  
2458326.7003800   1.0006344   0.0006804  
2458326.7211900   0.9999796   0.0006804  
2458326.7420000   0.9992434   0.0006804  
2458326.7628800   0.9987066   0.0006704  
2458326.7836900   1.0004004   0.0006804  
2458326.8045000   1.0008626   0.0006804  
2458326.8253800   1.0000838   0.0006804  
2458326.8461900   1.0004154   0.0006804  
2458326.8670000   0.9994359   0.0006804  
2458326.8878800   1.0012584   0.0006704  
2458326.9086900   0.9988980   0.0006704  
2458326.9295000   0.9995498   0.0006704  
2458326.9503800   1.0003115   0.0006704  
2458326.9711900   1.0010338   0.0006704  
2458326.9920000   1.0007055   0.0006704  
2458327.0128800   1.0003780   0.0006704  
2458327.0336900   0.9958479   0.0006704  
2458327.0545000   0.9907276   0.0006705  
2458327.0753800   0.9896501   0.0006705  
2458327.0961900   0.9881623   0.0006705  
2458327.1170000   0.9888157   0.0006705  
2458327.1378800   0.9887788   0.0006705  
2458327.1586900   0.9903921   0.0006705  
2458327.1795000   0.9986897   0.0006705  
2458327.2003800   0.9998419   0.0006705  
2458327.2211900   0.9995723   0.0006705  
2458327.2420000   1.0006335   0.0006705  
2458327.2628800   0.9999826   0.0006705  
2458327.2836900   1.0005622   0.0006705  
2458327.3045000   0.9992202   0.0006705  
2458327.3253800   0.9996290   0.0006705  
2458327.3461900   0.9992467   0.0006705  
2458327.3670000   1.0009655   0.0006705  
2458327.3878800   0.9991021   0.0006705  
2458327.4086900   1.0006705   0.0006705  
2458327.4295000   1.0001279   0.0006705  
2458327.4503800   1.0005361   0.0006705  
2458327.4711900   1.0004942   0.0006705  
2458327.4920000   0.9990319   0.0006705  
2458327.5128800   1.0000615   0.0006705  
2458327.5336900   1.0003612   0.0006704  
2458327.5545000   0.9993504   0.0006704  
2458327.5753800   0.9991805   0.0006704  
2458327.5961900   1.0007027   0.0006705  
2458327.6170000   1.0004739   0.0006705  
2458327.6378800   1.0010969   0.0006705  
2458327.6586900   0.9992993   0.0006705  
2458327.6795000   0.9995139   0.0006705  
2458327.7003800   1.0013105   0.0006705  
2458327.7211900   0.9990553   0.0006705  
2458327.7420000   1.0003536   0.0006705  
2458327.7628800   0.9999614   0.0006705  
2458327.7836900   1.0003910   0.0006705  
2458327.8045000   0.9998304   0.0006705  
2458327.8253800   0.9999512   0.0006705  
2458327.8670000   0.9992450   0.0006705  
2458327.8878800   1.0008095   0.0006705  
2458327.9086900   0.9998929   0.0006705  
2458327.9295000   1.0000679   0.0006705  
2458327.9503800   1.0000535   0.0006706  
2458327.9711900   0.9996494   0.0006706  
2458327.9920000   0.9994763   0.0006706  
2458328.0128800   1.0009654   0.0006706  
2458328.0336900   0.9998227   0.0006706  
2458328.0545000   1.0009431   0.0006706  
2458328.0753800   1.0001123   0.0006706  
2458328.0961900   1.0011235   0.0006706  
2458328.1170000   1.0002333   0.0006707  
2458328.1378800   0.9998138   0.0006707  
2458328.1586900   1.0003549   0.0006707  
2458328.1795000   0.9995041   0.0006707  
2458328.2003800   0.9996935   0.0006707  
2458328.2211900   1.0004024   0.0006707  
2458328.2420000   0.9988776   0.0006707  
2458328.2628800   0.9997535   0.0006707  
2458328.2836900   0.9997368   0.0006707  
2458328.3045000   1.0001085   0.0006708  
2458328.3253800   0.9991065   0.0006708  
2458328.3461900   0.9994039   0.0006708  
2458328.3670000   0.9995190   0.0006708  
2458328.3878800   0.9999827   0.0006708  
2458328.4086900   1.0008846   0.0006708  
2458328.4295000   1.0000927   0.0006708  
2458328.4503800   0.9997097   0.0006708  
2458328.4711900   1.0016076   0.0006708  
2458328.4920000   1.0011007   0.0006708  
2458328.5128800   0.9999012   0.0006708  
2458328.5336900   0.9992502   0.0006708  
2458328.5545000   0.9989773   0.0006707  
2458328.5753800   0.9998629   0.0006807  
2458328.5961900   0.9989143   0.0006807  
2458328.6170000   1.0013360   0.0006807  
2458328.6378800   1.0000515   0.0006807  
2458328.6586900   0.9988447   0.0006807  
2458328.6795000   0.9999473   0.0006807  
2458328.7003800   1.0001964   0.0006806  
2458328.7211900   1.0004529   0.0006806  
2458328.7420000   0.9993656   0.0006806  
2458328.7628800   0.9990665   0.0006806  
2458328.7836900   0.9994258   0.0006805  
2458328.8045000   1.0003031   0.0006805  
2458328.8253800   0.9983662   0.0006805  
2458328.8461900   0.9998599   0.0006804  
2458328.8670000   1.0012022   0.0006804  
2458328.8878800   0.9989411   0.0006804  
2458328.9086900   0.9997013   0.0006803  
2458328.9295000   1.0002608   0.0006803  
2458328.9503800   0.9996503   0.0006803  
2458328.9711900   0.9999808   0.0006702  
2458328.9920000   1.0008923   0.0006702  
2458329.0128800   1.0003149   0.0006702  
2458329.0336900   0.9997392   0.0006701  
2458329.0545000   1.0009364   0.0006701  
2458329.0753800   0.9992352   0.0006701  
2458329.0961900   1.0009779   0.0006801  
2458329.1170000   1.0001029   0.0006800  
2458329.1378800   0.9998716   0.0006800  
2458329.1586900   1.0002236   0.0006800  
2458329.1795000   1.0017494   0.0006800  
2458329.2003800   1.0008790   0.0006800  
2458329.2211900   0.9997027   0.0006800  
2458329.2420000   1.0001398   0.0006800  
2458329.2628800   1.0007107   0.0006799  
2458329.2836900   1.0001053   0.0006799  
2458329.3045000   1.0002630   0.0006799  
2458329.3253800   0.9987842   0.0006699  
2458329.3461900   1.0006379   0.0006699  
2458329.3670000   1.0012645   0.0006699  
2458329.3878800   1.0000835   0.0006700  
2458329.4086900   0.9999955   0.0006700  
2458329.4295000   1.0015886   0.0006700  
2458329.4503800   0.9997540   0.0006700  
2458329.4711900   0.9996203   0.0006700  
2458329.4920000   0.9998373   0.0006800  
2458329.5128800   0.9995643   0.0006800  
2458329.5336900   0.9997512   0.0006800  
2458329.5545000   0.9994870   0.0006800  
2458329.5753800   0.9980520   0.0006800  
2458329.5961900   0.9992063   0.0006801  
2458329.6170000   1.0002691   0.0006801  
2458329.6378800   0.9998905   0.0006801  
2458329.6586900   0.9999405   0.0006801  
2458329.6795000   0.9998294   0.0006801  
2458329.7003800   1.0001470   0.0006801  
2458329.7211900   0.9994035   0.0006801  
2458329.7420000   0.9990788   0.0006801  
2458329.7628800   0.9999234   0.0006801  
2458329.7836900   1.0004571   0.0006801  
2458329.8045000   1.0010901   0.0006801  
2458329.8253800   1.0010828   0.0006801  
2458329.8461900   1.0003748   0.0006801  
2458329.8670000   1.0000965   0.0006801  
2458329.8878800   0.9991875   0.0006801  
2458329.9086900   0.9998782   0.0006801  
2458329.9295000   0.9996177   0.0006801  
2458329.9503800   0.9999667   0.0006801  
2458329.9711900   1.0003448   0.0006801  
2458329.9920000   0.9998521   0.0006801  
2458330.0128800   0.9992785   0.0006801  
2458330.0336900   1.0000042   0.0006801  
2458330.0545000   1.0003391   0.0006801  
2458330.0753800   0.9986231   0.0006801  
2458330.0961900   1.0009571   0.0006801  
2458330.1170000   1.0010203   0.0006801  
2458330.1378800   1.0013532   0.0006801  
2458330.1586900   0.9991952   0.0006801  
2458330.1795000   1.0004174   0.0006801  
2458330.2003800   0.9992084   0.0006801  
2458330.2211900   1.0000891   0.0006801  
2458330.2420000   1.0003586   0.0006801  
2458330.2628800   0.9995571   0.0006800  
2458330.2836900   0.9990446   0.0006800  
2458330.3045000   0.9987511   0.0006800  
2458330.3253800   1.0001165   0.0006800  
2458330.3670000   0.9996651   0.0006800  
2458330.3878800   0.9989585   0.0006700  
2458330.4086900   1.0001619   0.0006700  
2458330.4295000   1.0015653   0.0006800  
2458330.4503800   1.0000094   0.0006800  
2458330.4711900   0.9987241   0.0006799  
2458330.4920000   1.0007190   0.0006799  
2458330.5128800   1.0001057   0.0006799  
2458330.5336900   1.0021731   0.0006799  
2458330.5545000   1.0005426   0.0006799  
2458330.5753800   1.0001532   0.0006799  
2458330.5961900   0.9995753   0.0006799  
2458330.6170000   1.0000484   0.0006799  
2458330.6378800   1.0002128   0.0006799  
2458330.6586900   0.9995882   0.0006799  
2458330.6795000   1.0004344   0.0006799  
2458330.7003800   0.9995915   0.0006799  
2458330.7211900   1.0005892   0.0006799  
2458330.7420000   1.0011975   0.0006799  
2458330.7628800   0.9993068   0.0006799  
2458330.7836900   0.9991259   0.0006799  
2458330.8045000   0.9998548   0.0006799  
2458330.8253800   1.0003338   0.0006799  
2458330.8461900   0.9994427   0.0006799  
2458330.8670000   1.0007611   0.0006799  
2458330.8878800   0.9989595   0.0006799  
2458330.9086900   1.0007870   0.0006799  
2458330.9295000   0.9994843   0.0006799  
2458330.9503800   0.9994907   0.0006799  
2458330.9711900   0.9983568   0.0006799  
2458330.9920000   1.0000113   0.0006799  
2458331.0128800   1.0004460   0.0006799  
2458331.0336900   1.0005003   0.0006799  
2458331.0545000   1.0005145   0.0006798  
2458331.0753800   0.9996987   0.0006798  
2458331.0961900   0.9995528   0.0006798  
2458331.1170000   1.0007467   0.0006798  
2458331.1378800   0.9993313   0.0006798  
2458331.1586900   1.0000357   0.0006798  
2458331.1795000   0.9986110   0.0006798  
2458331.2003800   1.0009352   0.0006798  
2458331.2211900   1.0002515   0.0006798  
2458331.2420000   1.0007279   0.0006798  
2458331.2628800   0.9992161   0.0006798  
2458331.2836900   1.0002545   0.0006798  
2458331.3045000   0.9991746   0.0006798  
2458331.3253800   0.9999351   0.0006798  
2458331.3461900   1.0003275   0.0006798  
2458331.3670000   1.0000018   0.0006798  
2458331.3878800   1.0004075   0.0006798  
2458331.4086900   1.0006153   0.0006798  
2458331.4295000   1.0010652   0.0006798  
2458331.4503800   1.0007074   0.0006798  
2458331.4711900   0.9994419   0.0006799  
2458331.4920000   1.0013177   0.0006799  
2458331.5128800   1.0003959   0.0006799  
2458331.5336900   1.0007552   0.0006799  
2458331.5545000   0.9995560   0.0006799  
2458331.5753800   0.9991578   0.0006799  
2458331.5961900   1.0000700   0.0006899  
2458331.6170000   1.0001022   0.0006899  
2458331.6378800   0.9996449   0.0006900  
2458331.6586900   0.9997471   0.0006900  
2458331.6795000   1.0000788   0.0006900  
2458331.7003800   0.9997801   0.0006900  
2458331.7211900   0.9998803   0.0006900  
2458331.7420000   0.9995399   0.0006900  
2458331.7628800   0.9997981   0.0006900  
2458331.7836900   0.9997950   0.0006901  
2458331.8045000   0.9995908   0.0006901  
2458331.8253800   1.0009253   0.0006901  
2458331.8461900   0.9978479   0.0006901  
2458331.8670000   1.0004697   0.0006901  
2458331.8878800   1.0003098   0.0006901  
2458331.9086900   1.0015389   0.0006901  
2458331.9295000   1.0000562   0.0006901  
2458331.9503800   1.0008227   0.0006901  
2458331.9711900   0.9980470   0.0006901  
2458331.9920000   1.0001103   0.0006901  
2458332.0128800   0.9983413   0.0006901  
2458332.0336900   1.0001515   0.0006901  
2458332.0545000   0.9996995   0.0006901  
2458332.0753800   0.9992461   0.0006901  
2458332.0961900   0.9998517   0.0006901  
2458332.1170000   1.0000563   0.0006901  
2458332.1378800   1.0008506   0.0006901  
2458332.1586900   1.0010042   0.0006901  
2458332.1795000   1.0007278   0.0006901  
2458332.2003800   0.9996511   0.0006901  
2458332.2211900   1.0002246   0.0006901  
2458332.2420000   0.9999683   0.0006901  
2458332.2628800   0.9992116   0.0006901  
2458332.2836900   0.9998855   0.0006901  
2458332.3045000   1.0003089   0.0006901  
2458332.3253800   0.9994227   0.0006901  
2458332.3461900   1.0017970   0.0006901  
2458332.3670000   1.0005916   0.0006901  
2458332.3878800   0.9991266   0.0006901  
2458332.4086900   0.9993918   0.0006901  
2458332.4295000   1.0000676   0.0006901  
2458332.4503800   1.0007735   0.0006901  
2458332.4711900   1.0005495   0.0006900  
2458332.4920000   1.0001160   0.0006900  
2458332.5128800   0.9998022   0.0006900  
2458332.5336900   1.0004690   0.0006900  
2458332.5545000   1.0001752   0.0006900  
2458332.5753800   0.9991712   0.0007000  
2458332.5961900   1.0011869   0.0007000  
2458332.6170000   1.0010218   0.0007000  
2458332.6378800   0.9996159   0.0007000  
2458332.6586900   0.9997486   0.0007000  
2458332.6795000   0.9988601   0.0007000  
2458332.7003800   0.9992397   0.0007000  
2458332.7211900   0.9996074   0.0007000  
2458332.7420000   1.0010132   0.0007000  
2458332.7628200   0.9995768   0.0007000  
2458332.7836300   0.9996986   0.0007000  
2458332.8045000   0.9999979   0.0006999  
2458332.8253200   0.9988351   0.0006999  
2458332.8670000   0.9990329   0.0006999  
2458332.8878200   0.9996734   0.0006999  
2458332.9086300   0.9991623   0.0006999  
2458332.9295000   0.9991193   0.0006998  
2458332.9503200   0.9990452   0.0006998  
2458332.9711300   1.0009601   0.0006998  
2458332.9920000   1.0013847   0.0006998  
2458333.0128200   0.9999803   0.0006997  
2458333.0336300   0.9998158   0.0006997  
2458333.0545000   0.9998322   0.0006997  
2458333.0753200   1.0002997   0.0006997  
2458333.0961300   0.9996988   0.0006996  
2458333.1170000   1.0015386   0.0006996  
2458333.1378200   1.0008719   0.0006996  
2458333.1586300   1.0001273   0.0006996  
2458333.1795000   0.9983857   0.0006996  
2458333.2003200   1.0006840   0.0006996  
2458333.2211300   0.9999172   0.0006995  
2458333.2420000   0.9992924   0.0006995  
2458333.2628200   0.9991905   0.0006995  
2458333.2836300   1.0012602   0.0006995  
2458333.3045000   1.0003255   0.0006995  
2458333.3253200   1.0007033   0.0006995  
2458333.3461300   0.9989565   0.0006995  
2458333.3670000   1.0013805   0.0006995  
2458333.3878200   0.9996715   0.0006895  
2458333.4086300   1.0004345   0.0006895  
2458333.4295000   1.0000328   0.0006896  
2458333.4503200   1.0007742   0.0006896  
2458333.4711300   1.0008506   0.0006896  
2458333.4920000   1.0013803   0.0006896  
2458333.5128200   0.9996654   0.0006896  
2458333.5336300   1.0005123   0.0006897  
2458333.5545000   0.9997634   0.0006997  
2458333.5753200   1.0000664   0.0006997  
2458333.5961300   0.9999124   0.0006997  
2458333.6170000   1.0001605   0.0006998  
2458333.6378200   1.0002799   0.0006998  
2458333.6586300   1.0012808   0.0006998  
2458333.6795000   0.9985333   0.0006999  
2458333.7003200   0.9994256   0.0006999  
2458333.7211300   0.9991979   0.0007000  
2458333.7420000   1.0003801   0.0007000  
2458333.7628200   0.9987517   0.0007000  
2458333.7836300   1.0003128   0.0007001  
2458333.8045000   1.0012131   0.0007001  
2458333.8253200   0.9991319   0.0007001  
2458333.8461300   0.9986093   0.0007002  
2458333.8670000   0.9992161   0.0007002  
2458333.8878200   1.0004311   0.0007002  
2458333.9086300   0.9996542   0.0007003  
2458333.9295000   0.9995865   0.0007003  
2458333.9503200   1.0004975   0.0007003  
2458333.9711300   1.0015875   0.0007003  
2458333.9920000   0.9992046   0.0006904  
2458334.0128200   0.9988213   0.0006904  
2458334.0336300   1.0008581   0.0006904  
2458334.0545000   1.0002422   0.0006904  
2458334.0753200   0.9998250   0.0006905  
2458334.0961300   0.9997568   0.0006905  
2458334.1170000   1.0007382   0.0006905  
2458334.1378200   0.9996164   0.0006905  
2458334.1586300   1.0011957   0.0006905  
2458334.1795000   1.0002415   0.0007006  
2458334.2003200   0.9995959   0.0007006  
2458334.2211300   0.9985382   0.0007006  
2458334.2420000   0.9997506   0.0007006  
2458334.2628200   0.9986792   0.0006906  
2458334.2836300   0.9999481   0.0006906  
2458334.3045000   1.0003047   0.0006907  
2458334.3253200   0.9995388   0.0006907  
2458334.3461300   1.0001928   0.0006907  
2458334.3670000   1.0005261   0.0006907  
2458334.3878200   1.0007481   0.0006907  
2458334.4086300   1.0002191   0.0006807  
2458334.4295000   0.9996594   0.0006807  
2458334.4503200   1.0007709   0.0006807  
2458334.4711300   0.9996998   0.0006807  
2458334.4920000   0.9999798   0.0006807  
2458334.5128200   1.0006998   0.0006807  
2458334.5336300   0.9995775   0.0006807  
2458334.5545000   0.9994759   0.0006807  
2458334.5753200   1.0001645   0.0006807  
2458334.5961300   0.9998923   0.0006807  
2458334.6170000   1.0003401   0.0006807  
2458334.6378200   1.0006177   0.0006808  
2458334.6586300   0.9998736   0.0006808  
2458334.6795000   0.9995297   0.0006808  
2458334.7003200   1.0008071   0.0006808  
2458334.7211300   1.0000722   0.0006808  
2458334.7420000   1.0001374   0.0006808  
2458334.7628200   1.0000121   0.0006808  
2458334.7836300   0.9987746   0.0006808  
2458334.8045000   0.9984172   0.0006808  
2458334.8253200   1.0003120   0.0006708  
2458334.8461300   1.0006742   0.0006708  
2458334.8670000   1.0012063   0.0006708  
2458334.8878200   1.0002464   0.0006708  
2458334.9086300   1.0000770   0.0006708  
2458334.9295000   1.0011487   0.0006708  
2458334.9503200   0.9999170   0.0006708  
2458334.9711300   0.9985847   0.0006708  
2458335.0128200   0.9995715   0.0006708  
2458335.0336300   1.0001685   0.0006708  
2458335.0545000   0.9992625   0.0006708  
2458335.0753200   0.9998375   0.0006708  
2458335.0961300   1.0001414   0.0006708  
2458335.1170000   0.9983919   0.0006607  
2458335.1378200   1.0005763   0.0006607  
2458335.1586300   1.0009379   0.0006607  
2458335.1795000   1.0004684   0.0006607  
2458335.2003200   0.9993781   0.0006607  
2458335.2211300   1.0007003   0.0006607  
2458335.2420000   0.9999000   0.0006607  
2458335.2628200   1.0015123   0.0006607  
2458335.2836300   1.0018734   0.0006607  
2458335.3045000   1.0000018   0.0006607  
2458335.3253200   0.9994611   0.0006507  
2458335.3670000   1.0007599   0.0006507  
2458335.3878200   0.9998452   0.0006506  
2458335.4086300   0.9988689   0.0006506  
2458335.4295000   0.9981405   0.0006506  
2458335.4503200   1.0000927   0.0006506  
2458335.4711300   0.9978579   0.0006506  
2458335.4920000   1.0003052   0.0006506  
2458335.5128200   0.9994469   0.0006506  
2458335.5336300   0.9991472   0.0006505  
2458335.5545000   1.0004872   0.0006505  
2458335.5753200   1.0001042   0.0006505  
2458335.5961300   0.9997901   0.0006405  
2458335.6170000   1.0007759   0.0006405  
2458335.6378200   1.0005403   0.0006404  
2458335.6586300   1.0014952   0.0006404  
2458335.6795000   1.0005083   0.0006404  
2458335.7003200   0.9992115   0.0006404  
2458335.7211300   1.0003254   0.0006403  
2458335.7420000   0.9994384   0.0006403  
2458335.7628200   0.9997413   0.0006403  
2458335.7836300   0.9990336   0.0006403  
2458335.8045000   1.0001563   0.0006402  
2458335.8253200   1.0013092   0.0006402  
2458335.8461300   1.0008713   0.0006402  
2458335.8670000   0.9985634   0.0006402  
2458335.8878200   1.0000963   0.0006401  
2458335.9086300   0.9995791   0.0006401  
2458335.9295000   0.9992019   0.0006401  
2458335.9503200   0.9998656   0.0006401  
2458335.9711300   1.0005392   0.0006401  
2458335.9920000   1.0009340   0.0006400  
2458336.0128200   1.0001493   0.0006400  
2458336.0336300   1.0004057   0.0006400  
2458336.0545000   1.0004432   0.0006400  
2458336.0753200   0.9989919   0.0006399  
2458336.0961300   0.9987514   0.0006399  
2458336.1170000   0.9995515   0.0006399  
2458336.1378200   1.0002530   0.0006399  
2458336.1586300   0.9995262   0.0006399  
2458336.1795000   1.0001909   0.0006399  
2458336.2003200   1.0011071   0.0006398  
2458336.2211300   1.0004260   0.0006398  
2458336.2420000   0.9984279   0.0006398  
2458336.2628200   1.0009006   0.0006398  
2458336.2836300   1.0003272   0.0006398  
2458336.3045000   0.9997962   0.0006398  
2458336.3253200   1.0009279   0.0006398  
2458336.3461300   1.0004931   0.0006398  
2458336.3670000   1.0008912   0.0006398  
2458336.3878200   0.9988233   0.0006398  
2458336.4086300   0.9998272   0.0006398  
2458336.4295000   1.0009242   0.0006398  
2458336.4503200   1.0000148   0.0006398  
2458336.4711300   1.0000177   0.0006398  
2458336.4920000   1.0010335   0.0006398  
2458336.5128200   1.0009322   0.0006398  
2458336.5336300   0.9996940   0.0006398  
2458336.5545000   1.0016667   0.0006399  
2458336.5753200   0.9992427   0.0006399  
2458336.5961300   0.9996391   0.0006399  
2458336.6170000   0.9990871   0.0006399  
2458336.6378200   1.0015051   0.0006399  
2458336.6586300   0.9999441   0.0006399  
2458336.6794400   1.0000729   0.0006400  
2458336.7002600   0.9978814   0.0006400  
2458336.7211300   0.9995689   0.0006400  
2458336.7419400   1.0011456   0.0006400  
2458336.7627600   0.9993409   0.0006400  
2458336.7836300   0.9997252   0.0006400  
2458336.8044400   0.9999175   0.0006401  
2458336.8252600   0.9995983   0.0006401  
2458336.8461300   0.9987272   0.0006401  
2458336.8669400   1.0001643   0.0006401  
2458336.8877600   0.9994992   0.0006401  
2458336.9086300   1.0000928   0.0006401  
2458336.9294400   0.9999043   0.0006401  
2458336.9502600   0.9997741   0.0006401  
2458336.9711300   0.9997726   0.0006401  
2458336.9919400   0.9997096   0.0006401  
2458337.0127600   0.9999254   0.0006401  
2458337.0336300   1.0003204   0.0006401  
2458337.0544400   0.9990737   0.0006401  
2458337.0752600   1.0007374   0.0006401  
2458337.0961300   0.9995598   0.0006401  
2458337.1169400   0.9999727   0.0006401  
2458337.1377600   1.0002052   0.0006402  
2458337.1586300   1.0012885   0.0006402  
2458337.1794400   1.0006219   0.0006402  
2458337.2002600   1.0008658   0.0006402  
2458337.2211300   0.9990898   0.0006402  
2458337.2419400   1.0001851   0.0006402  
2458337.2627600   1.0011407   0.0006402  
2458337.2836300   0.9992760   0.0006402  
2458337.3044400   0.9996722   0.0006402  
2458337.3252600   1.0001287   0.0006402  
2458337.3461300   0.9994648   0.0006402  
2458337.3669400   1.0001614   0.0006402  
2458337.3877600   1.0005780   0.0006402  
2458337.4086300   1.0002446   0.0006402  
2458337.4294400   0.9993209   0.0006402  
2458337.4502600   1.0005780   0.0006402  
2458337.4711300   0.9994937   0.0006402  
2458337.4919400   1.0007104   0.0006402  
2458337.5127600   1.0010364   0.0006402  
2458337.5336300   0.9988111   0.0006402  
2458337.5544400   1.0000264   0.0006402  
2458337.5752600   0.9993504   0.0006402  
2458337.5961300   1.0003841   0.0006402  
2458337.6169400   0.9999663   0.0006402  
2458337.6377600   0.9987976   0.0006402  
2458337.6586300   1.0003589   0.0006402  
2458337.6794400   0.9990378   0.0006402  
2458337.7002600   1.0007075   0.0006402  
2458337.7211300   0.9999455   0.0006402  
2458337.7419400   1.0014031   0.0006402  
2458337.7627600   1.0001195   0.0006402  
2458337.7836300   0.9997155   0.0006402  
2458337.8044400   0.9997509   0.0006402  
2458337.8252600   0.9987450   0.0006402  
2458337.8669400   1.0000618   0.0006402  
2458337.8877600   0.9991634   0.0006402  
2458337.9086300   0.9998448   0.0006402  
2458337.9294400   1.0000357   0.0006402  
2458337.9502600   0.9997063   0.0006402  
2458337.9711300   0.9996172   0.0006402  
2458337.9919400   0.9996279   0.0006402  
2458338.0127600   1.0003897   0.0006402  
2458338.0336300   1.0006120   0.0006402  
2458338.0544400   1.0018857   0.0006402  
2458338.0752600   1.0007201   0.0006402  
2458338.0961300   1.0001761   0.0006402  
2458338.1169400   1.0004835   0.0006401  
2458338.1377600   1.0002820   0.0006401  
2458338.1586300   1.0001914   0.0006401  
2458338.1794400   0.9996114   0.0006401  
2458338.2002600   0.9993019   0.0006401  
2458338.2211300   0.9999531   0.0006401  
2458338.2419400   0.9992341   0.0006401  
2458338.2627600   0.9999857   0.0006402  
2458338.2836300   1.0008274   0.0006402  
2458338.3044400   0.9997288   0.0006402  
2458338.3252600   0.9996504   0.0006402  
2458338.3461300   1.0003921   0.0006402  
2458338.3669400   0.9996834   0.0006402  
2458338.3877600   0.9998149   0.0006402  
2458338.4086300   0.9981156   0.0006402  
2458338.4294400   1.0011873   0.0006402  
2458338.4502600   1.0008080   0.0006402  
2458338.4711300   1.0002390   0.0006402  
2458338.4919400   0.9993296   0.0006402  
2458338.5127600   1.0001909   0.0006402  
2458339.6794400   1.0002563   0.0006404  
2458339.7002600   1.0002747   0.0006405  
2458339.7211300   1.0001332   0.0006405  
2458339.7419400   0.9995210   0.0006405  
2458339.7627600   1.0008203   0.0006405  
2458339.7836300   1.0005981   0.0006405  
2458339.8044400   0.9992950   0.0006405  
2458339.8252600   0.9994922   0.0006405  
2458339.8461300   1.0004998   0.0006405  
2458339.8669400   0.9999252   0.0006405  
2458339.8877600   1.0004107   0.0006406  
2458339.9086300   0.9996844   0.0006506  
2458339.9293800   0.9995276   0.0006506  
2458339.9502600   1.0009110   0.0006506  
2458339.9710700   0.9987099   0.0006506  
2458339.9918800   1.0000307   0.0006506  
2458340.0127600   0.9995385   0.0006506  
2458340.0335700   0.9992351   0.0006506  
2458340.0543800   1.0019334   0.0006506  
2458340.0752600   1.0000661   0.0006506  
2458340.0960700   0.9985277   0.0006506  
2458340.1168800   1.0004014   0.0006506  
2458340.1377600   0.9993909   0.0006506  
2458340.1585700   1.0005012   0.0006506  
2458340.1793800   1.0001488   0.0006506  
2458340.2002600   1.0001658   0.0006506  
2458340.2210700   0.9998312   0.0006506  
2458340.2418800   1.0003964   0.0006606  
2458340.2627600   0.9998995   0.0006606  
2458340.2835700   0.9998320   0.0006606  
2458340.3043800   0.9987721   0.0006606  
2458340.3252600   0.9996031   0.0006606  
2458340.3460700   0.9996221   0.0006606  
2458340.3668800   1.0005715   0.0006606  
2458340.3877600   0.9998487   0.0006606  
2458340.4085700   1.0007569   0.0006606  
2458340.4293800   1.0010144   0.0006606  
2458340.4502600   0.9991401   0.0006606  
2458340.4710700   1.0009087   0.0006605  
2458340.4918800   1.0004855   0.0006605  
2458340.5127600   0.9999020   0.0006605  
2458340.5335700   0.9995887   0.0006605  
2458340.5543800   1.0001159   0.0006605  
2458340.5752600   1.0003126   0.0006605  
2458340.5960700   1.0001590   0.0006605  
2458340.6168800   0.9993845   0.0006605  
2458340.6377600   1.0006811   0.0006605  
2458340.6585700   0.9993553   0.0006605  
2458340.6793800   1.0007010   0.0006605  
2458340.7002600   1.0003349   0.0006604  
2458340.7210700   0.9993579   0.0006604  
2458340.7418800   0.9987804   0.0006604  
2458340.7627600   0.9994927   0.0006604  
2458340.7835700   0.9989436   0.0006604  
2458340.8043800   0.9998348   0.0006604  
2458340.8252600   0.9997249   0.0006604  
2458340.8460700   1.0005654   0.0006604  
2458340.8668800   0.9999655   0.0006603  
2458340.8877600   1.0009168   0.0006603  
2458340.9085700   0.9997577   0.0006603  
2458340.9293800   0.9999402   0.0006603  
2458340.9502600   1.0004938   0.0006603  
2458340.9710700   1.0005987   0.0006603  
2458340.9918800   1.0012550   0.0006603  
2458341.0127600   0.9998717   0.0006603  
2458341.0335700   0.9989101   0.0006603  
2458341.0543800   1.0015712   0.0006603  
2458341.0752600   1.0002619   0.0006603  
2458341.0960700   0.9996039   0.0006602  
2458341.1168800   1.0005876   0.0006602  
2458341.1377600   0.9995412   0.0006602  
2458341.1585700   1.0001562   0.0006602  
2458341.1793800   1.0011316   0.0006602  
2458341.2002600   0.9989761   0.0006602  
2458341.2210700   0.9996021   0.0006602  
2458341.2418800   1.0005675   0.0006602  
2458341.2627600   1.0000824   0.0006602  
2458341.2835700   1.0003871   0.0006602  
2458341.3043800   0.9997106   0.0006602  
2458341.3252600   1.0005239   0.0006602  
2458341.3460700   1.0005355   0.0006602  
2458341.3668800   0.9997856   0.0006602  
2458341.3877600   0.9998039   0.0006602  
2458341.4085700   0.9993902   0.0006602  
2458341.4293800   0.9999042   0.0006602  
2458341.4502600   0.9987654   0.0006602  
2458341.4710700   0.9985939   0.0006601  
2458341.4918800   0.9997699   0.0006601  
2458341.5127600   0.9989225   0.0006601  
2458341.5335700   1.0001931   0.0006701  
2458341.5543800   0.9989609   0.0006701  
2458341.5752600   1.0003167   0.0006700  
2458341.5960700   1.0011908   0.0006700  
2458341.6168800   0.9990632   0.0006700  
2458341.6377600   1.0004643   0.0006700  
2458341.6585700   0.9999147   0.0006699  
2458341.6793800   0.9988743   0.0006599  
2458341.7002600   0.9985134   0.0006599  
2458341.7210700   1.0016720   0.0006599  
2458341.7418800   1.0000518   0.0006598  
2458341.7627600   1.0012117   0.0006598  
2458341.7835700   0.9999035   0.0006598  
2458341.8043800   0.9999265   0.0006598  
2458341.8252600   1.0000509   0.0006597  
2458341.8460700   1.0002173   0.0006597  
2458341.8668800   1.0000159   0.0006597  
2458341.8877600   1.0008265   0.0006597  
2458341.9085700   0.9990505   0.0006597  
2458341.9293800   1.0001860   0.0006596  
2458341.9502600   1.0006744   0.0006596  
2458341.9710700   1.0005860   0.0006596  
2458341.9918800   0.9998212   0.0006596  
2458342.0127600   1.0004989   0.0006596  
2458342.0335700   1.0014094   0.0006596  
2458342.0543800   0.9988254   0.0006596  
2458342.0752600   1.0000122   0.0006596  
2458342.0960700   1.0005624   0.0006596  
2458342.1168800   0.9996163   0.0006596  
2458342.1377600   1.0007120   0.0006596  
2458342.1585700   1.0000516   0.0006596  
2458342.2210700   0.9996553   0.0006596  
2458342.2418800   1.0003340   0.0006596  
2458342.2627600   1.0009251   0.0006597  
2458342.2835700   1.0003289   0.0006597  
2458342.3043800   1.0001042   0.0006597  
2458342.3252600   1.0001510   0.0006597  
2458342.3460700   1.0003288   0.0006597  
2458342.3668800   0.9984684   0.0006597  
2458342.3877600   0.9993374   0.0006598  
2458342.4085700   1.0001169   0.0006598  
2458342.4293800   1.0003467   0.0006598  
2458342.4502600   0.9997170   0.0006598  
2458342.4710700   1.0003268   0.0006598  
2458342.4918800   1.0009366   0.0006599  
2458342.5127600   0.9994367   0.0006599  
2458342.5335700   0.9993356   0.0006699  
2458342.5543800   0.9998538   0.0006699  
2458342.5752600   1.0001713   0.0006699  
2458342.5960700   0.9989178   0.0006700  
2458342.6168800   0.9994529   0.0006700  
2458342.6377600   0.9986972   0.0006700  
2458342.6585700   0.9993902   0.0006700  
2458342.6793800   0.9992624   0.0006700  
2458342.7002600   1.0015545   0.0006700  
2458342.7210700   1.0008961   0.0006700  
2458342.7418800   0.9999276   0.0006701  
2458342.7627600   1.0008896   0.0006701  
2458342.7835700   0.9998817   0.0006701  
2458342.8043800   0.9997738   0.0006701  
2458342.8252600   1.0007768   0.0006701  
2458342.8460700   1.0004294   0.0006701  
2458342.8668800   0.9986421   0.0006701  
2458342.8877600   1.0002759   0.0006702  
2458342.9085700   0.9993689   0.0006702  
2458342.9293800   1.0006329   0.0006702  
2458342.9502600   1.0006268   0.0006602  
2458342.9710700   0.9998108   0.0006602  
2458342.9918800   1.0002956   0.0006602  
2458343.0127600   1.0010805   0.0006603  
2458343.0335700   0.9991947   0.0006603  
2458343.0543800   0.9996799   0.0006603  
2458343.0752600   0.9987943   0.0006603  
2458343.0960700   0.9999393   0.0006603  
2458343.1168800   1.0004843   0.0006603  
2458343.1377600   1.0003687   0.0006604  
2458343.1585700   0.9998229   0.0006604  
2458343.1793800   0.9997974   0.0006704  
2458343.2002000   0.9989813   0.0006704  
2458343.2210100   0.9996964   0.0006604  
2458343.2418800   1.0005018   0.0006604  
2458343.2627000   1.0002869   0.0006605  
2458343.2835100   1.0013834   0.0006605  
2458343.3043800   0.9982576   0.0006605  
2458343.3252000   1.0023976   0.0006605  
2458343.3460100   0.9996732   0.0006605  
2458343.3668800   1.0006222   0.0006605  
2458343.3877000   0.9988393   0.0006606  
2458343.4085100   1.0005697   0.0006606  
2458343.4293800   1.0001284   0.0006606  
2458343.4502000   1.0003079   0.0006606  
2458343.4710100   1.0001670   0.0006606  
2458343.4918800   1.0008767   0.0006607  
2458343.5127000   1.0005552   0.0006607  
2458343.5335100   0.9996622   0.0006707  
2458343.5543800   0.9987684   0.0006707  
2458343.5752000   1.0004658   0.0006707  
2458343.5960100   0.9999193   0.0006708  
2458343.6168800   0.9992011   0.0006708  
2458343.6377000   0.9996122   0.0006708  
2458343.6585100   0.9999913   0.0006708  
2458343.6793800   1.0000677   0.0006708  
2458343.7002000   0.9995414   0.0006708  
2458343.7210100   1.0008351   0.0006708  
2458343.7418800   0.9991827   0.0006708  
2458343.7627000   0.9999210   0.0006708  
2458343.7835100   0.9987342   0.0006708  
2458343.8043800   1.0001085   0.0006708  
2458343.8252000   1.0004290   0.0006708  
2458343.8460100   1.0004170   0.0006708  
2458343.8668800   1.0005529   0.0006708  
2458343.8877000   0.9997457   0.0006708  
2458343.9085100   0.9985659   0.0006708  
2458343.9293800   1.0002674   0.0006708  
2458343.9502000   0.9981823   0.0006708  
2458343.9710100   0.9994094   0.0006708  
2458343.9918800   1.0009153   0.0006708  
2458344.0127000   1.0005179   0.0006708  
2458344.0335100   1.0008905   0.0006708  
2458344.0543800   1.0001614   0.0006708  
2458344.0752000   1.0016039   0.0006707  
2458344.0960100   1.0007738   0.0006707  
2458344.1168800   0.9999633   0.0006707  
2458344.1377000   0.9993527   0.0006707  
2458344.1585100   1.0000424   0.0006707  
2458344.1793800   0.9988797   0.0006707  
2458344.2002000   1.0001482   0.0006707  
2458344.2210100   0.9994343   0.0006706  
2458344.2418800   1.0000906   0.0006706  
2458344.2627000   0.9978838   0.0006706  
2458344.2835100   0.9999801   0.0006606  
2458344.3043800   1.0002444   0.0006606  
2458344.3252000   1.0003788   0.0006606  
2458344.3460100   1.0014340   0.0006605  
2458344.3668800   1.0004380   0.0006605  
2458344.3877000   1.0002236   0.0006605  
2458344.4085100   0.9999200   0.0006605  
2458344.4293800   1.0005875   0.0006605  
2458344.4502000   1.0003652   0.0006705  
2458344.4710100   1.0002137   0.0006705  
2458344.4918800   0.9998426   0.0006704  
2458344.5127000   0.9994721   0.0006704  
2458344.5335100   0.9991920   0.0006704  
2458344.5543800   1.0003732   0.0006704  
2458344.5752000   1.0004843   0.0006704  
2458344.5960100   1.0002254   0.0006704  
2458344.6168800   0.9995566   0.0006704  
2458344.6377000   0.9999689   0.0006703  
2458344.6585100   0.9999914   0.0006703  
2458344.7210100   1.0000903   0.0006703  
2458344.7418800   0.9998435   0.0006703  
2458344.7627000   0.9988967   0.0006703  
2458344.7835100   1.0006214   0.0006703  
2458344.8043800   0.9993653   0.0006703  
2458344.8252000   0.9994101   0.0006702  
2458344.8460100   0.9998055   0.0006702  
2458344.8668800   1.0013220   0.0006702  
2458344.8877000   0.9996486   0.0006702  
2458344.9085100   1.0006670   0.0006702  
2458344.9293800   1.0003160   0.0006702  
2458344.9502000   0.9999264   0.0006702  
2458344.9710100   0.9995779   0.0006702  
2458344.9918800   0.9996105   0.0006702  
2458345.0127000   0.9996545   0.0006702  
2458345.0335100   1.0018305   0.0006702  
2458345.0543800   1.0000666   0.0006702  
2458345.0752000   0.9995145   0.0006702  
2458345.0960100   0.9996040   0.0006702  
2458345.1168800   0.9993147   0.0006702  
2458345.1377000   0.9995366   0.0006702  
2458345.1585100   1.0010603   0.0006702  
2458345.1793800   1.0004249   0.0006702  
2458345.2002000   0.9994509   0.0006702  
2458345.2210100   1.0007692   0.0006702  
2458345.2418800   0.9996285   0.0006702  
2458345.2627000   0.9996694   0.0006702  
2458345.2835100   1.0007122   0.0006702  
2458345.3043800   1.0001660   0.0006702  
2458345.3252000   0.9991510   0.0006702  
2458345.3460100   1.0002083   0.0006702  
2458345.3668800   1.0001568   0.0006703  
2458345.3877000   1.0002565   0.0006703  
2458345.4085100   1.0010881   0.0006703  
2458345.4293800   1.0012611   0.0006703  
2458345.4502000   0.9995841   0.0006703  
2458345.4710100   0.9995987   0.0006703  
2458345.4918800   0.9992539   0.0006704  
2458345.5127000   1.0001001   0.0006704  
2458345.5335100   1.0005163   0.0006704  
2458345.5543800   1.0007727   0.0006804  
2458345.5752000   1.0001583   0.0006804  
2458345.5960100   0.9997735   0.0006804  
2458345.6168800   0.9999786   0.0006805  
2458345.6377000   0.9992518   0.0006805  
2458345.6585100   1.0001849   0.0006805  
2458345.6793800   1.0004360   0.0006805  
2458345.7002000   1.0004751   0.0006805  
2458345.7210100   0.9991011   0.0006805  
2458345.7418800   0.9984253   0.0006805  
2458345.7627000   1.0001887   0.0006806  
2458345.7835100   1.0004884   0.0006806  
2458345.8043800   0.9998346   0.0006806  
2458345.8252000   0.9982473   0.0006806  
2458345.8460100   0.9990388   0.0006806  
2458345.8668800   0.9995373   0.0006806  
2458345.8877000   1.0008540   0.0006806  
2458345.9085100   0.9998563   0.0006806  
2458345.9293800   1.0003478   0.0006805  
2458345.9502000   1.0010175   0.0006805  
2458345.9710100   0.9998940   0.0006805  
2458345.9918800   1.0000594   0.0006805  
2458346.0127000   1.0000933   0.0006805  
2458346.0335100   1.0001055   0.0006805  
2458346.0543800   0.9995656   0.0006805  
2458346.0752000   0.9998344   0.0006805  
2458346.0960100   0.9992814   0.0006805  
2458346.1168800   0.9989669   0.0006804  
2458346.1377000   1.0005623   0.0006804  
2458346.1585100   1.0005858   0.0006804  
2458346.1793800   0.9997177   0.0006804  
2458346.2002000   0.9991492   0.0006804  
2458346.2210100   1.0006817   0.0006803  
2458346.2418800   0.9985818   0.0006803  
2458346.2627000   0.9998038   0.0006803  
2458346.2835100   0.9998257   0.0006803  
2458346.3043200   0.9993083   0.0006803  
2458346.3251300   1.0008928   0.0006803  
2458346.3460100   1.0011883   0.0006802  
2458346.3668200   1.0014464   0.0006802  
2458346.3876300   1.0011765   0.0006802  
2458346.4085100   0.9997788   0.0006802  
2458346.4293200   0.9991239   0.0006802  
2458346.4501300   0.9997518   0.0006802  
2458346.4710100   1.0004720   0.0006802  
2458346.4918200   1.0009049   0.0006802  
2458346.5126300   1.0001403   0.0006802  
2458346.5335100   1.0001282   0.0006902  
2458346.5543200   1.0005489   0.0006902  
2458346.5751300   1.0005820   0.0006902  
2458346.5960100   0.9998171   0.0006902  
2458346.6168200   1.0002543   0.0006902  
2458346.6376300   0.9984833   0.0006902  
2458346.6585100   1.0007646   0.0006902  
2458346.6793200   1.0006169   0.0006902  
2458346.7001300   0.9984700   0.0006902  
2458346.7210100   1.0012259   0.0006902  
2458346.7418200   1.0005719   0.0006902  
2458346.7626300   1.0002888   0.0006902  
2458346.7835100   0.9994463   0.0006903  
2458346.8043200   0.9988743   0.0006903  
2458346.8251300   1.0003133   0.0006903  
2458346.8460100   0.9995816   0.0006903  
2458346.8668200   0.9996503   0.0007003  
2458346.8876300   0.9995287   0.0007003  
2458346.9085100   1.0010480   0.0007003  
2458346.9293200   1.0000558   0.0006903  
2458346.9501300   1.0008144   0.0006904  
2458346.9710100   1.0005623   0.0006904  
2458346.9918200   0.9989389   0.0006904  
2458347.0126300   1.0005364   0.0006904  
2458347.0335100   0.9996018   0.0006904  
2458347.0543200   0.9991559   0.0006904  
2458347.0751300   0.9992696   0.0006904  
2458347.0960100   0.9981810   0.0006904  
2458347.1168200   1.0002532   0.0006904  
2458347.1376300   1.0006933   0.0007005  
2458347.1585100   1.0001819   0.0007005  
2458347.2210100   0.9996447   0.0007005  
2458347.2418200   0.9997115   0.0007005  
2458347.2626300   1.0001285   0.0007005  
2458347.2835100   0.9997848   0.0006905  
2458347.3043200   0.9995715   0.0006905  
2458347.3251300   1.0001090   0.0006905  
2458347.3460100   0.9994762   0.0006905  
2458347.3876300   0.9995646   0.0006905  
2458347.4085100   1.0009668   0.0006905  
2458347.4293200   0.9997887   0.0006905  
2458347.4501300   1.0008545   0.0006905  
2458347.4710100   0.9999811   0.0006905  
2458347.4918200   1.0006312   0.0006906  
2458347.5126300   1.0010437   0.0006906  
2458347.5335100   1.0007285   0.0006906  
2458347.5543200   1.0011764   0.0006906  
2458347.5751300   1.0007362   0.0007006  
2458347.5960100   0.9996976   0.0007007  
2458347.6168200   1.0002524   0.0007007  
2458347.6376300   0.9993771   0.0007007  
2458347.6585100   1.0006256   0.0007007  
2458347.6793200   1.0008940   0.0007008  
2458347.7001300   0.9994108   0.0007008  
2458347.7210100   0.9985587   0.0007008  
2458347.7418200   1.0006596   0.0007008  
2458347.7835100   0.9999642   0.0007009  
2458347.8043200   0.9985285   0.0007009  
2458347.8251300   0.9978624   0.0007010  
2458347.8460100   0.9996984   0.0007010  
2458347.8668200   1.0002012   0.0007010  
2458347.8876300   1.0000711   0.0007010  
2458347.9085100   1.0005306   0.0007111  
2458347.9293200   1.0004671   0.0007011  
2458347.9501300   0.9997707   0.0007011  
2458347.9710100   1.0001637   0.0007011  
2458347.9918200   1.0003941   0.0007011  
2458348.0751300   1.0007151   0.0007011  
2458348.0960100   0.9993166   0.0007011  
2458348.1168200   0.9982446   0.0007011  
2458348.1376300   0.9995723   0.0007011  
2458348.1585100   0.9994930   0.0007011  
2458348.1793200   0.9976560   0.0007011  
2458348.2001300   0.9986885   0.0007011  
2458348.2210100   0.9990949   0.0007011  
2458348.2418200   0.9989252   0.0007011  
2458348.2626300   0.9990411   0.0007010  
2458348.3251300   0.9991399   0.0006909  
2458348.3460100   1.0010806   0.0006909  
2458348.3668200   1.0007251   0.0006909  
2458348.3876300   1.0001763   0.0006908  
2458348.4085100   0.9991941   0.0006908  
2458348.4293200   0.9997512   0.0006907  
2458348.4710100   1.0008486   0.0006806  
2458348.4918200   0.9997583   0.0006906  
2458348.5126300   0.9995477   0.0006906  
2458348.5335100   0.9997459   0.0006905  
2458348.5543200   0.9993033   0.0006905  
2458348.5751300   0.9992107   0.0007004  
2458348.5960100   0.9996380   0.0007004  
2458348.6168200   1.0000861   0.0007003  
2458348.6376300   0.9996850   0.0007003  
2458348.6585100   1.0021165   0.0007002  
2458348.7001300   1.0017448   0.0007001  
2458348.7418200   1.0000650   0.0007000  
2458348.8251300   1.0013764   0.0006999  
2458348.8460100   0.9993664   0.0006999  
2458348.8668200   1.0009096   0.0006998  
2458348.8876300   1.0002970   0.0006998  
2458348.9085100   1.0014576   0.0006998  
2458348.9293200   1.0003626   0.0006998  
2458348.9501300   0.9994011   0.0006998  
2458348.9710100   1.0005617   0.0006997  
2458348.9918200   1.0004857   0.0006897  
2458349.0126300   0.9999624   0.0006897  
2458349.0335100   1.0008104   0.0006897  
2458349.0542600   0.9997513   0.0006897  
2458349.0751300   0.9974237   0.0006897  
2458349.0959500   0.9999352   0.0006897  
2458349.1167600   0.9990089   0.0006897  
2458349.1376300   1.0008518   0.0006897  
2458349.2001300   1.0001566   0.0006797  
2458349.2209500   0.9992425   0.0006797  
2458349.2417600   0.9980388   0.0006797  
2458349.3042600   1.0001268   0.0006797  
2458349.3251300   1.0004341   0.0006797  
2458349.3459500   1.0015020   0.0006797  
2458349.3667600   0.9991125   0.0006697  
2458349.3876300   0.9995228   0.0006697  
2458349.4084500   1.0015533   0.0006697  
2458349.4292600   0.9993571   0.0006697  
2458349.4501300   0.9995410   0.0006697  
2458349.4709500   0.9996660   0.0006697  
2458349.4917600   1.0004317   0.0006697  
2458349.5126300   1.0003495   0.0006697  
2458349.5334500   1.0003083   0.0006697  
2458349.5542600   1.0000188   0.0006697  
2458349.5751300   1.0002803   0.0006697  
2458349.5959500   0.9994833   0.0006697  
2458349.6167600   1.0002675   0.0006697  
2458349.6376300   1.0001030   0.0006697  
2458349.6584500   0.9997398   0.0006698  
2458349.7209500   0.9998871   0.0006598  
2458349.7417600   1.0005582   0.0006598  
2458349.7626300   1.0004008   0.0006598  
2458349.7834500   1.0011043   0.0006598  
2458349.8042600   0.9999292   0.0006599  
2458349.8251300   1.0008043   0.0006599  
2458349.8459500   1.0001303   0.0006599  
2458349.8667600   0.9995963   0.0006599  
2458349.8876300   1.0015518   0.0006599  
2458349.9084500   0.9988274   0.0006599  
2458349.9292600   1.0008815   0.0006600  
2458349.9501300   0.9982245   0.0006500  
2458349.9709500   0.9994755   0.0006500  
2458349.9917600   1.0001746   0.0006500  
2458350.0126300   0.9986315   0.0006500  
2458350.0334500   0.9987960   0.0006500  
2458350.0542600   0.9996683   0.0006500  
2458350.0751300   1.0010281   0.0006500  
2458350.0959500   1.0002655   0.0006500  
2458350.1167600   1.0002611   0.0006500  
2458350.1376300   0.9994042   0.0006500  
2458350.1584500   1.0001753   0.0006500  
2458350.1792600   0.9994942   0.0006500  
2458350.2001300   0.9999510   0.0006500  
2458350.2209500   1.0002457   0.0006500  
2458350.2417600   0.9988182   0.0006500  
2458350.2626300   1.0000492   0.0006500  
2458350.2834500   1.0009982   0.0006500  
2458350.3042600   1.0007858   0.0006500  
2458350.3251300   0.9990518   0.0006400  
2458350.3459500   1.0001760   0.0006400  
2458350.3667600   1.0000992   0.0006400  
2458350.3876300   0.9999706   0.0006400  
2458350.4084500   1.0000613   0.0006400  
2458350.4292600   1.0004402   0.0006399  
2458350.4501300   0.9992684   0.0006399  
2458350.4709500   1.0004448   0.0006499  
2458350.4917600   0.9991906   0.0006399  
2458350.5126300   1.0000650   0.0006499  
2458350.5334500   0.9997886   0.0006499  
2458350.5542600   0.9997015   0.0006499  
2458350.5751300   1.0009331   0.0006498  
2458350.5959500   0.9992651   0.0006498  
2458350.6167600   1.0009358   0.0006498  
2458350.6376300   1.0004366   0.0006498  
2458350.6584500   1.0007671   0.0006498  
2458350.6792600   1.0006274   0.0006497  
2458350.7001300   0.9999778   0.0006497  
2458350.7209500   0.9987177   0.0006497  
2458350.7417600   0.9997661   0.0006497  
2458350.7626300   0.9996742   0.0006497  
2458350.7834500   0.9998815   0.0006496  
2458350.8042600   1.0005880   0.0006496  
2458350.8251300   1.0004041   0.0006496  
2458350.8459500   0.9984211   0.0006496  
2458350.8667600   0.9935197   0.0006396  
2458350.8876300   0.9884180   0.0006395  
2458350.9084500   0.9880430   0.0006395  
2458350.9292600   0.9888268   0.0006395  
2458350.9501300   0.9884512   0.0006395  
2458350.9709500   0.9888553   0.0006394  
2458350.9917600   0.9926061   0.0006394  
2458351.0126300   0.9989948   0.0006494  
2458351.0334500   1.0002285   0.0006494  
2458351.0542600   1.0000442   0.0006493  
2458351.0751300   1.0006502   0.0006493  
2458351.0959500   0.9994189   0.0006493  
2458351.1167600   1.0005468   0.0006493  
2458351.1376300   0.9998080   0.0006493  
2458351.1584500   1.0002498   0.0006492  
2458351.1792600   1.0002336   0.0006492  
2458351.2001300   0.9998599   0.0006492  
2458351.2209500   0.9987694   0.0006492  
2458351.2417600   1.0007672   0.0006492  
2458351.2626300   1.0008598   0.0006492  
2458351.2834500   1.0013946   0.0006492  
2458351.3042600   0.9998748   0.0006492  
2458351.3251300   1.0002651   0.0006491  
2458351.3459500   1.0015968   0.0006491  
2458351.3667600   0.9993257   0.0006491  
2458351.3876300   0.9996536   0.0006491  
2458351.4084500   0.9999335   0.0006491  
2458351.4292600   0.9997558   0.0006491  
2458351.4501300   0.9994400   0.0006491  
2458351.4709500   1.0004840   0.0006491  
2458351.4917600   1.0002112   0.0006492  
2458351.5125700   0.9995800   0.0006492  
2458351.5333900   1.0010475   0.0006492  
2458351.5542600   0.9994702   0.0006492  
2458351.5750700   0.9993115   0.0006492  
2458351.5958900   0.9993237   0.0006492  
2458351.6167600   1.0005249   0.0006492  
2458351.6375700   1.0004083   0.0006492  
2458351.6583900   1.0003425   0.0006492  
2458351.6792600   0.9983492   0.0006492  
2458351.7000700   1.0013504   0.0006492  
2458351.7208900   0.9985388   0.0006492  
2458351.7417600   0.9985443   0.0006492  
2458351.7625700   1.0014667   0.0006493  
2458351.7833900   0.9993452   0.0006493  
2458351.8042600   1.0002511   0.0006493  
2458351.8250700   1.0008881   0.0006493  
2458351.8458900   1.0000474   0.0006493  
2458351.8667600   0.9995274   0.0006493  
2458351.8875700   1.0003567   0.0006493  
2458351.9083900   0.9996486   0.0006493  
2458351.9292600   1.0003299   0.0006494  
2458351.9500700   1.0007923   0.0006494  
2458351.9708900   0.9995275   0.0006494  
2458351.9917600   1.0004316   0.0006494  
2458352.0125700   0.9988487   0.0006494  
2458352.0333900   1.0001342   0.0006494  
2458352.0542600   1.0004214   0.0006495  
2458352.0750700   0.9995304   0.0006495  
2458352.0958900   1.0001990   0.0006495  
2458352.1167600   0.9996798   0.0006495  
2458352.1375700   1.0002504   0.0006495  
2458352.1583900   1.0004424   0.0006496  
2458352.2208900   0.9998156   0.0006496  
2458352.2417600   1.0003116   0.0006496  
2458352.2625700   1.0008687   0.0006497  
2458352.2833900   0.9993176   0.0006497  
2458352.3042600   0.9997867   0.0006497  
2458352.3250700   1.0000265   0.0006497  
2458352.3458900   1.0002070   0.0006498  
2458352.3667600   0.9993189   0.0006498  
2458352.3875700   0.9999808   0.0006498  
2458352.4083900   0.9994436   0.0006499  
2458352.4292600   0.9998572   0.0006499  
2458352.4500700   1.0011813   0.0006499  
2458352.4708900   1.0000065   0.0006499  
2458352.4917600   0.9997027   0.0006500  
2458352.5125700   0.9999199   0.0006500  
2458352.5333900   0.9985674   0.0006500  
2458352.5542600   0.9999464   0.0006501  
2458352.5750700   1.0004261   0.0006501  
2458352.5958900   1.0004771   0.0006501  
2458352.6167600   0.9996993   0.0006502  
2458352.6375700   1.0012236   0.0006502  
2458352.6583900   0.9992382   0.0006502  
2458352.6792600   1.0003457   0.0006503  
2458352.7000700   1.0014048   0.0006503  
2458352.7208900   1.0006747   0.0006503  
2458352.7417600   0.9994054   0.0006504  
2458352.7625700   0.9998086   0.0006504  
2458352.7833900   0.9995724   0.0006505  
2458352.8042600   1.0000480   0.0006505  
2458352.8250700   1.0008845   0.0006506  
2458352.8458900   0.9997400   0.0006506  
2458352.8667600   0.9998675   0.0006506  
2458352.8875700   0.9987741   0.0006507  
2458352.9083900   0.9998931   0.0006507  
2458352.9292600   1.0001418   0.0006508  
2458352.9500700   0.9996096   0.0006508  
2458352.9708900   1.0003094   0.0006509  
2458352.9917600   1.0007395   0.0006509  
2458353.0125700   0.9992067   0.0006510  
2458353.0333900   0.9997274   0.0006610  
2458353.0542600   1.0007392   0.0006611  
2458353.0750700   0.9996276   0.0006611  
2458353.0958900   1.0013712   0.0006612  
2458353.1167600   0.9995792   0.0006612  
2458353.1375700   0.9990092   0.0006613  
2458353.1583900   1.0000420   0.0006613  
