0.0  97296.26250645472  0.35059471893575844  2403283.593624945  
0.0  90821.80896556239  0.2597071172976906  2406868.6752278  
0.0  85041.72714605325  0.2441650539751341  2410156.0623824717  
0.0  83392.03042374208  0.2473036152134901  2411090.8409984033  
0.0  69014.44992856459  0.3585154538702358  2419294.3361528297  
0.0  65256.36300653088  0.190964183828557  2421408.8705526325  
0.0  55469.571263039616  0.30839718937254895  2427027.864531317  
0.0  36902.496826191375  0.4081450570069002  2437346.959742743  
0.0  37790.65794011378  0.6112356449445366  2437378.8543665963  
0.0  35061.6836859606  0.6211430609693023  2438666.9526681053  
0.0  33155.06704350423  0.645310668254463  2439990.852638705  
0.0  32818.551571754586  0.6506570733106083  2440085.0113686537  
0.0  32298.181902496104  0.6490599723100768  2440261.346879824  
0.0  30674.19068417461  0.6157805789305697  2441173.4599088747  
0.0  28894.23703542683  0.5322302429958778  2441822.816352877  
0.0  28260.967481620308  0.23737246108445045  2442452.782975448  
0.0  28063.934706166216  0.6757113470769898  2442974.8873125683  
0.0  22356.588197427773  0.6136331252204785  2445637.928323781  
0.0  22181.648823431107  0.7414559697211962  2445940.770221457  
0.0  21083.761616992913  0.1951269960444068  2446302.132153232  
0.0  18852.860121166337  0.06899915610663843  2447840.16157175  
0.0  17892.455253605225  0.17783718243218694  2448222.1348766014  
0.0  17536.279633160826  0.06460304827773311  2448576.901283837  
0.0  14531.658528267304  0.05457051438979264  2450258.2445119317  
0.0  13141.666041688892  0.049929281356160336  2451036.0645340984  
0.0  12829.96648644896  0.11273483422833468  2451126.0585201145  
0.0  15664.733670011175  0.9603936344692151  2451532.002292333  
0.0  15439.967449033506  0.972040637393264  2451729.972634732  
0.0  12656.659145216832  0.7655429887192402  2452607.515794587  
0.0  10222.141254024593  0.8506841629950204  2452654.8397463895  
0.0  12668.055948482921  0.9157872333855465  2452823.710733696  
0.0  11239.783319200664  0.7764521405033056  2453227.3608175046  
0.0  11504.11518749789  0.9311017847517824  2453559.5284381392  
0.0  10076.411190296712  0.7854094555358083  2453736.304798806  
0.0  7583.959112821387  0.0764461390058451  2454315.177704176  
0.0  7220.435754306054  0.6782626070116733  2454442.0556429517  
0.0  8478.29142032551  0.6614313972814583  2454574.1414519656  
0.0  7274.357498597725  0.005794922822335721  2454596.447183213  
0.0  6565.3483555307475  0.37600523742261505  2454647.674402629  
0.0  6615.814002981371  0.06974909870072749  2454903.7262750887  
0.0  6740.217644509052  0.4913985491024433  2455204.359243124  
0.0  5730.843641930722  0.7873649892416748  2455557.5638847225  
0.0  5524.853623137433  0.7834468869505515  2455638.7705527167  
0.0  5650.177708834573  0.9454858311876508  2455708.823896524  
0.0  4985.020630558264  0.6863185366706244  2455899.0989165828  
0.0  5337.8027285424905  0.5260640602637277  2456073.411113835  
0.0  4066.340905828848  0.20526851842669547  2456078.0006189225  
0.0  4222.411028529564  0.9496439285539764  2456190.160971762  
0.0  4455.5013270691425  0.04659281359771249  2456250.149112285  
0.0  4161.613627027557  0.5381687107776714  2456296.1776445815  
0.0  4687.461201985398  0.6244815452673409  2456367.2865441395  
0.0  4511.777974255125  0.4377545230024765  2456377.265195688  
0.0  3991.012063522397  0.8614774149025206  2456395.116609524  
0.0  3870.888656769442  0.48586061339473774  2456436.376478078  
0.0  3897.913462381429  0.8329804340744466  2456439.2311918167  
0.0  4022.4054400945015  0.05286110031291397  2456504.2278804737  
0.0  2968.388933914747  0.0992852510540674  2456505.7942089518  
0.0  4148.698455961714  0.6342907971964294  2456531.7030448625  
0.0  4508.317255441118  0.30670723722888465  2456533.716667073  
0.0  3542.549930300184  0.8284302458915301  2456554.514755155  
0.0  3856.3730232603493  0.07106980088310133  2456581.0170780225  
0.0  4034.429164526637  0.6088100067905042  2456595.7272603856  
0.0  4185.318574397128  0.5922639417988417  2456608.4121923433  
0.0  2809.8431466016673  0.09123386897239649  2456614.5536653637  
0.0  3343.7362195438955  0.8258845716294954  2456619.0119557604  
0.0  2768.2284959143926  0.10282549928789375  2456644.5847747214  
0.0  2512.459596813061  0.01484706161448579  2456680.221383506  
0.0  3890.820982230686  0.6251970921775074  2456682.8172091506  
0.0  3214.8593040940295  0.6825823029016789  2456688.63655734  
0.0  3268.680342643193  0.8694205578755789  2456727.2770461217  
0.0  3212.177218084581  0.7562969630367206  2456731.909347431  
0.0  4759.785680424897  0.351705569585288  2456744.1439822945  
0.0  2593.3768041528606  0.3495250647734471  2456766.893348371  
0.0  3149.940048720221  0.6939052931340246  2456769.558477438  
0.0  2582.074916986054  0.4614839813174637  2456785.885451297  
0.0  2271.871291981629  0.08977756760430183  2456848.729972677  
0.0  2573.5690775529356  0.11123399029488273  2456852.0503102425  
0.0  2346.1030753689606  0.9107764670727062  2456860.506479523  
0.0  2528.097096353701  0.9961998412629257  2456876.5917475116  
0.0  2442.2301671205064  0.4458079938295766  2456884.784876357  
0.0  2501.8435753026456  0.9880198673995134  2456893.900323395  
0.0  4026.2005792074037  0.12484278457096265  2456901.663630681  
0.0  4102.9677485986695  0.08893183059533305  2456903.5441870103  
0.0  2478.683175122445  0.034075788391843886  2456908.0614011087  
0.0  2638.1695711707907  0.8552987789822726  2456926.253665901  
0.0  2440.349329852189  0.9867778653908934  2456928.0866864505  
0.0  2402.9895993938608  0.9004523084581718  2456940.7764300373  
0.0  2789.9597479084714  0.49384176418270886  2456964.2327999403  
0.0  2314.361445515101  0.977282322930877  2456989.0945159034  
0.0  2504.5288801367033  0.9936725223648766  2457007.7552205278  
0.0  2505.674112578027  0.992673261716886  2457008.0544588827  
0.0  2462.8862573647384  0.8586884456307613  2457013.8976559998  
0.0  2270.672197757223  0.969947726510484  2457044.8846767982  
0.0  2377.9444244660126  0.8404969223566838  2457046.5854287785  
0.0  2454.7671632505717  0.14182625795413928  2457052.9247731837  
0.0  3672.5058164551087  0.21058086571876233  2457053.880176957  
0.0  2217.704587940862  0.9214566674251322  2457055.8612576122  
0.0  2360.8425358530394  0.07185215788872068  2457056.111691776  
0.0  2538.491121498309  0.24613170408961216  2457078.9101415337  
0.0  2212.4114579931925  0.9405322606816091  2457082.3912744937  
0.0  2211.5090154950617  0.19728629181898819  2457087.419947726  
0.0  2158.215361046759  0.026433186104529494  2457091.8587331073  
0.0  2282.56335963303  0.42857775893713146  2457120.5140411835  
0.0  2127.29252089889  0.26843432066981443  2457126.677862324  
0.0  2135.776687022204  0.9279622964458273  2457141.15144232  
0.0  2434.470911977158  0.21567155942645144  2457141.404801505  
0.0  2116.5172593680422  0.21986337252235488  2457149.172616818  
0.0  2104.018058105083  0.8825074756807919  2457154.4259529244  
0.0  2467.01847113295  0.009288398223423755  2457182.67821797  
0.0  2058.932035017741  0.7727687807985728  2457184.7175638354  
0.0  2086.699660039112  0.8158653767729852  2457187.6626457977  
0.0  2079.655063384071  0.8280231481082909  2457188.5996636027  
0.0  2160.198760418114  0.3414500593034962  2457189.3770827465  
0.0  2037.225499990429  0.7289308116551484  2457197.023814407  
0.0  3297.9585212734546  0.30137374638819814  2457215.0708466917  
0.0  2006.9112214297738  0.8766789411715638  2457223.8199468656  
0.0  2004.896605885513  0.8765580201671878  2457225.259621184  
0.0  2002.6971845558196  0.85869669903193  2457226.0756994938  
0.0  1979.361625123891  0.6691905251772478  2457234.7341787224  
0.0  1978.9615097741307  0.9037512160341558  2457240.8386529754  
0.0  2035.1316767528847  0.9410620941801516  2457249.223670193  
0.0  1910.917146678023  0.36074449880810383  2457258.216623904  
0.0  1984.9083775599547  0.8043516179853509  2457258.518057596  
0.0  2003.5530841853324  0.9257459104660926  2457268.756502481  
0.0  2722.2286190255445  0.34571211787993983  2457270.054344168  
0.0  1983.9689248064444  0.46087790478080976  2457271.0116635496  
0.0  1406.5325390890696  0.908128105415857  2457272.4258241714  
0.0  1831.2712071085202  0.8403253280572965  2457275.737057188  
0.0  1263.037141728968  0.9541602836077288  2457276.77713126  
0.0  1242.710262845501  0.9606809841184235  2457277.3935168292  
0.0  1915.785957973528  0.8811423289609537  2457278.2695206963  
0.0  1898.773754496845  0.8561145929494597  2457288.7852462647  
0.0  1838.9944006679268  0.2123317553030194  2457289.4000259405  
0.0  1806.5102562192678  0.8264142190965613  2457290.967349421  
0.0  1917.802236386502  0.7801234164081507  2457293.852683292  
0.0  1916.2381676602677  0.7808736715216389  2457295.048721733  
0.0  1862.0091085826034  0.8100274597593485  2457297.2082974375  
0.0  2175.698221787795  0.3448976107789099  2457303.423558859  
0.0  1697.2049537874623  0.4799440963161972  2457314.372192389  
0.0  2133.7876423023718  0.009375047241672312  2457323.515605004  
0.0  1869.145374813067  0.2857825627377939  2457327.924915662  
0.0  1794.992825094996  0.3599677409368668  2457333.2651012857  
0.0  1798.0404238105307  0.8593978072089494  2457339.701539427  
0.0  1841.244859337015  0.7700496358136666  2457340.659144532  
0.0  1803.4512020063617  0.9228062216798325  2457344.1693128822  
0.0  1823.9761088320643  0.4164582855760327  2457356.592110119  
0.0  2530.477148840298  0.3133992210961625  2457356.7686674283  
0.0  1785.4076199018525  0.7797500700756059  2457357.5531142605  
0.0  1990.709177582008  0.17195201694577805  2457364.5679929843  
0.0  2248.4575097741  0.5311875444933858  2457369.45828395  
0.0  1794.0434193607114  0.16603048089146227  2457378.7694537826  
0.0  1965.6489621114688  0.17872936889335256  2457385.4523072424  
0.0  1780.4461403754487  0.3057570258523581  2457388.1910676374  
0.0  1702.375925638645  0.8360201786732147  2457394.9946952933  
0.0  1602.970222251311  0.5704291452534463  2457403.373971588  
0.0  1500.5176280162507  0.7356411634009683  2457407.932514041  
0.0  1743.6432817039663  0.3240010353926204  2457408.93045254  
0.0  2151.8444516006484  0.5269568660761476  2457412.4730575485  
0.0  1713.54349423122  0.633250051506865  2457414.4617627375  
0.0  1736.1009966913275  0.2088489331552093  2457416.596296737  
0.0  1450.4754566904885  0.9195302083359856  2457421.6842596354  
0.0  1704.0952042159802  0.6688797263507225  2457424.2828996475  
0.0  1703.0572830500394  0.6684338398858127  2457424.9154439424  
0.0  1677.696786159799  0.47646396603201907  2457439.651316728  
0.0  1532.4664609089677  0.5739262467945613  2457442.515036354  
0.0  1844.0079915664778  0.4024101534665596  2457443.865449192  
0.0  1469.2009517074935  0.7702131614397335  2457444.4157980094  
0.0  1840.7054770623672  0.38510601099803393  2457450.669660776  
0.0  1671.420999281851  0.19351125157956822  2457455.000531693  
0.0  1666.003846576829  0.7428839693367002  2457460.4125526277  
0.0  1606.6482592577624  0.6854283135353633  2457462.2645202405  
0.0  1650.9399315181631  0.22204135177798134  2457468.1307029184  
0.0  1569.6346101988277  0.19229036800825616  2457474.7446302124  
0.0  1585.587602044339  0.5454851127153028  2457478.3729446153  
0.0  1972.822334354456  0.5292445077157553  2457479.476541623  
0.0  1626.8972264752317  0.5166073327852176  2457482.7535043997  
0.0  1672.9165580921217  0.49506766097924604  2457492.4734900785  
0.0  2643.227623002089  0.44097222937584296  2457509.6078321515  
0.0  1403.1135732763878  0.9623978552869412  2457519.841283947  
0.0  1402.197463272477  0.9630943797956857  2457519.9061917504  
0.0  1906.2747262802795  0.5162033866140359  2457521.80740983  
0.0  1762.7150748293325  0.48888061020169493  2457521.8401540373  
0.0  1839.6484482424148  0.38768481880539507  2457522.2528557694  
0.0  1894.4930810575488  0.3155438769053587  2457522.547064563  
0.0  1989.1789784123393  0.1909969619346772  2457523.054998014  
0.0  1581.5514465721706  0.739453761881178  2457525.8361132303  
0.0  1519.2149297446238  0.8805786838480631  2457529.712766182  
0.0  1514.9240836879965  0.6894874014839595  2457529.7188938702  
0.0  1555.0335150684957  0.5842967882641212  2457530.0480134925  
0.0  1594.4546268885347  0.4920389455890145  2457534.9115120885  
0.0  1421.7259283876285  0.8628516655346866  2457535.840889952  
0.0  1426.032021363028  0.8407478061085121  2457539.3545451006  
0.0  1501.6067280166446  0.8698661810143453  2457540.595597448  
0.0  1518.245548288145  0.6206324908258489  2457543.0026699146  
0.0  1610.6691004059612  0.688977268376642  2457548.0094207358  
0.0  1565.3186528738124  0.49211523260063744  2457551.6166622085  
0.0  1376.5032325970637  0.8725466700051879  2457552.4067347287  
0.0  1375.9521992944115  0.873154982396668  2457553.048677196  
0.0  1557.2535173918309  0.49060294253456505  2457555.032626614  
0.0  1513.7762188203617  0.3553107023318983  2457555.209768281  
0.0  1461.9480300696862  0.6791550572767342  2457555.774010891  
0.0  1368.850356834872  0.8819153092167462  2457558.086931183  
0.0  1261.2763250412368  0.6856761527956765  2457563.480764628  
0.0  1359.981901994771  0.8800166486906776  2457565.364514443  
0.0  1475.7768513994433  0.37215077608684605  2457565.708029996  
0.0  1466.9897794890085  0.73567378117662  2457576.8030408244  
0.0  1474.2190099501836  0.23770596445977943  2457577.595732499  
0.0  2045.0145237906818  0.26091011023999644  2457578.3699799515  
0.0  1226.2024101981228  0.41544800476350097  2457581.118806509  
0.0  1473.9626326299879  0.531679338018882  2457582.681806066  
0.0  1392.9222124806622  0.6473060886903879  2457585.367369715  
0.0  2034.4119634155718  0.24477217811587293  2457593.772411134  
0.0  1106.6801299744623  0.0003895911241901251  2457595.194124674  
0.0  1453.2756849959503  0.5076163383223393  2457599.4685691777  
0.0  1436.0066416271243  0.24626969473569552  2457601.351339548  
0.0  1473.0037597441583  0.7967388269267697  2457606.3687764085  
0.0  1267.9700158811954  0.78232941480979  2457610.9201251366  
0.0  1964.5492784036874  0.21803218768142657  2457612.6939662104  
0.0  1305.0346866385198  0.8312221789726925  2457618.0835645627  
0.0  1343.5339044213  0.7779717920443799  2457619.966462076  
0.0  1346.5294934145345  0.3900777138740641  2457627.7510419562  
0.0  1477.820697403089  0.0030732005422022812  2457638.4742711578  
0.0  1177.1779960014237  0.8772270272324781  2457644.4711314533  
0.0  1371.3168993323345  0.5427786045718838  2457652.5825588983  
0.0  1360.7332202779123  0.6152609490354722  2457656.1150991437  
0.0  1214.7193759491472  0.744105291923405  2457666.8891651537  
0.0  1309.2802335261495  0.013177531025137634  2457669.101384544  
0.0  1411.360013591848  0.17989400047643483  2457669.600589923  
0.0  1961.267141605798  0.17698855342717162  2457670.442085589  
0.0  1337.9117005731653  0.5571102284896635  2457674.2310419637  
0.0  1333.8757287334815  0.5588417562966406  2457676.8465829953  
0.0  1300.2821742809197  0.6360263967825819  2457677.3795455103  
0.0  1164.526928698364  0.9818064786990366  2457685.4174573137  
0.0  1279.4109648262763  0.5165711438617228  2457688.8237427655  
0.0  1303.9709305221782  0.5484323548441077  2457693.75531574  
0.0  1590.2345026252824  0.2802574631404843  2457698.309695007  
0.0  1259.4903830567853  0.5302779615615861  2457700.1806655983  
0.0  1240.6370159852468  0.012617950937470118  2457704.785626118  
0.0  1209.5522723828026  0.010087540395758321  2457713.1056592516  
0.0  1202.6675491095841  0.00961716362156968  2457717.0461837947  
0.0  1058.1954522420574  0.8321064491382558  2457717.094390707  
0.0  2109.0211726159887  0.0923259207896735  2457718.0067763627  
0.0  1240.489796169876  0.4280724165634396  2457718.664499647  
0.0  1100.738698225065  0.6518451936522132  2457721.3189675235  
0.0  1195.681611040544  0.7761953552872802  2457722.067136499  
0.0  1182.9569093011492  0.7700021278235276  2457729.422414847  
0.0  1207.9953269035186  0.8939612528784325  2457733.1764145372  
0.0  1220.8626620376185  0.36358444781312105  2457742.66055971  
0.0  980.8327288197112  0.6585596454841616  2457747.1140323593  
0.0  1106.8540437414863  0.9150028641807806  2457749.2110806913  
0.0  1213.4281454528116  0.563948107257038  2457750.775335841  
0.0  1171.8767634066382  0.07220430350626017  2457753.476803241  
0.0  1235.3613477032045  0.4058144690581576  2457753.965275767  
0.0  1001.9600399225715  0.5962346389732758  2457760.1838393854  
0.0  1183.823405744484  0.6026110561484445  2457766.2440671865  
0.0  1165.184351327523  0.31853930835204813  2457768.147397984  
0.0  1140.6598190144477  0.4761087630455  2457775.1796305147  
0.0  1011.8294594598963  0.09864728755729868  2457778.5623300984  
0.0  1127.2050362050798  0.8610610325295481  2457781.6640706607  
0.0  1095.2695683445545  0.8233439962695882  2457782.5913124387  
0.0  1066.1546229911658  0.5705700259905393  2457783.3640526696  
0.0  957.2908047699523  0.5831654881752395  2457784.572001071  
0.0  1119.8754901784066  0.3379263894935024  2457786.6678644647  
0.0  1120.1539552165805  0.5472902381805685  2457787.580174715  
0.0  1186.2657157001745  0.37249014628835003  2457788.3907813947  
0.0  1073.3777221285827  0.8398163769385265  2457790.79282587  
0.0  1068.3498778981773  0.8379313848962451  2457794.9348393506  
0.0  983.4521981972066  0.3775685290176022  2457807.6664274093  
0.0  1059.0852309998643  0.3967571444738027  2457807.824147078  
0.0  1955.3311654951249  0.09149326128456736  2457810.4721177076  
0.0  1192.9035619650942  0.20475221219234843  2457810.751800882  
0.0  1077.4247282800252  0.0700627112347092  2457812.436781985  
0.0  1124.8346941233935  0.21892514899459237  2457829.0975398635  
0.0  1091.386927255831  0.5412531063839425  2457833.9622832453  
0.0  907.5936184348469  0.32138808537628116  2457843.884850347  
0.0  1027.9385488400303  0.8077163449143856  2457845.3488247423  
0.0  954.616854194888  0.20012677117014221  2457850.9831813504  
0.0  1048.1915416064694  0.8574207320068115  2457854.325740647  
0.0  1007.2031925145164  0.03036973183895488  2457855.272536643  
0.0  1253.5299877461346  0.6807732962393322  2457858.1486617243  
0.0  934.65618336322  0.9953317969050047  2457859.572272599  
0.0  1437.1119307995777  0.7521078809802375  2457860.2460171734  
0.0  1019.580033486272  0.8354756334955977  2457868.952675046  
0.0  2427.332643203101  0.14283842829487467  2457869.060281003  
0.0  1229.5208963412636  0.6645964150982113  2457870.659052819  
0.0  981.2131109795083  0.8279717641919215  2457875.024064447  
0.0  970.7704605217756  0.03146038713763566  2457877.4123457116  
0.0  1392.2415451943932  0.734720908860915  2457877.4503033403  
0.0  964.2483679608745  0.05521529102604572  2457881.8459797925  
0.0  961.6078975353228  0.8605373408207905  2457884.3626434663  
0.0  1262.5659745194566  0.49628098593240877  2457897.434943868  
0.0  676.5381221567872  0.43148262334575227  2457898.397386288  
0.0  1052.2102518357979  0.7789815014719594  2457900.149744433  
0.0  993.2024748526735  0.03535827682695902  2457900.5215469482  
0.0  969.6800448434914  0.5624159421212058  2457900.998524593  
0.0  812.6183497656143  0.2680294192676109  2457902.3034911808  
0.0  969.0582972233857  0.560851735102169  2457908.959609489  
0.0  893.7152580242275  0.3128665718353685  2457909.682384843  
0.0  967.665483022419  0.5603053514798599  2457909.786626573  
0.0  878.9831567698482  0.5279355994583653  2457918.1888351603  
0.0  938.7085410510252  0.13863815496343357  2457930.461659178  
0.0  927.7838002581091  0.8254156867799302  2457931.0876818597  
0.0  886.1751947773373  0.2005572867341936  2457931.6942522163  
0.0  983.1892341603175  0.600042582194435  2457932.7539264956  
0.0  892.3490132140922  0.3160238574339047  2457933.8525050827  
0.0  919.9998645764616  0.19432601002708694  2457935.7509897007  
0.0  908.137415610267  0.7832805987599958  2457936.1546835895  
0.0  768.4612966710408  0.7646744683770663  2457936.3898641416  
0.0  902.4506915284182  0.5407146816194885  2457941.4023149614  
0.0  836.5258721975179  0.6555176096531956  2457944.3534204517  
0.0  1037.8028668339405  0.5067725375178163  2457944.76502574  
0.0  854.4249985386257  0.130942617079984  2457949.315923112  
0.0  924.6559680945268  0.7096667524691059  2457950.9541741996  
0.0  478.44163524004557  0.3826067905644763  2457952.865542365  
0.0  988.267440268521  0.3677461211142293  2457954.6231396273  
0.0  857.6666210417275  0.6850181322379583  2457954.7506559407  
0.0  831.9702480127588  0.2873435159957254  2457958.087359531  
0.0  808.0365732105098  0.5527722557161661  2457963.676966769  
0.0  879.8198724560168  0.9734206761129055  2457965.9879725073  
0.0  871.6494730668774  0.940585759405758  2457969.9120775405  
0.0  898.2741973073003  0.4193666870390165  2457970.0202632686  
0.0  602.9825589932439  0.826658753435408  2457970.8510296405  
0.0  916.0930140272135  0.09515833674497987  2457973.096406928  
0.0  1518.238661730798  0.08910442614801983  2457973.3150492073  
0.0  863.3484810711536  0.3727262299481978  2457974.026227189  
0.0  811.8912661223922  0.15753879982371188  2457975.7279923744  
0.0  862.336744829648  0.960320891339389  2457976.3132917327  
0.0  802.1088079956737  0.6005868133219053  2457977.514877148  
0.0  788.322492741018  0.5461684787854164  2457978.1527426904  
0.0  819.7446917224086  0.3310899376471339  2457978.783917224  
0.0  769.0433627309719  0.5075653470371441  2457984.6590163144  
0.0  937.918238984289  0.426207789993421  2457984.869595109  
0.0  787.9251308403487  0.6020415365778437  2457985.8502986417  
0.0  486.43432390653743  0.32767541982190607  2457989.4660499776  
0.0  885.6012180127327  0.21831444589852356  2457992.2105061365  
0.0  702.9895446590564  0.8724286171422551  2457993.2960191257  
0.0  522.2491324785376  0.47130643200284544  2457993.883183671  
0.0  698.3139176545849  0.8702103858094513  2457996.6987884925  
0.0  688.9513435829806  0.8820602047602046  2458001.073194397  
0.0  602.1303442311595  0.404812063768137  2458002.6322160014  
0.0  813.1190979997159  0.8262792409950734  2458006.9597969214  
0.0  829.9896983098009  0.4211811937886325  2458008.7387087652  
0.0  676.6342983775529  0.8529415246388199  2458010.218254595  
0.0  815.6644368168635  0.1657298583547633  2458011.88937214  
0.0  762.626825968935  0.5593073484225004  2458012.8395264894  
0.0  281.0267240091489  0.8608284400112955  2458021.5217511393  
0.0  712.7612440612198  0.7038206357909467  2458028.696315097  
0.0  924.1136630395212  0.45881867743011645  2458029.797267063  
0.0  366.254482080589  0.5242576709666404  2458030.817818108  
0.0  649.8616372614107  0.7518237293995504  2458033.0210295734  
0.0  1456.962027520447  0.03406329162836974  2458039.862508023  
0.0  753.72219568279  0.0011934114683591623  2458048.7233798234  
0.0  436.2574516069284  0.6283000013691535  2458051.089487038  
0.0  744.7236881257696  0.012651256669962918  2458053.11575326  
0.0  679.9324482367621  0.3002861922134511  2458054.153846409  
0.0  677.1253215950168  0.30038204543024694  2458055.9356171996  
0.0  365.5109468636317  0.5074050880860999  2458059.220320192  
0.0  670.3831720557243  0.7190643491745348  2458060.2362365252  
0.0  696.6377242780927  0.21509144114287965  2458061.812508525  
0.0  838.6427688090382  0.47415175776189944  2458062.16416469  
0.0  683.2853445833805  0.6968741857161305  2458062.9501283965  
0.0  779.6486883449168  0.014257966337570913  2458067.2214916092  
0.0  705.0931269854748  0.6461744909438439  2458068.3490653206  
0.0  955.41172301499  0.04797791046307476  2458069.0486429567  
0.0  696.7247334656071  0.07431217438467985  2458079.994042808  
0.0  584.5444121048789  0.6694723821442562  2458081.1551939705  
0.0  648.1834141208849  0.5834468862766561  2458082.096979849  
0.0  545.4397133446885  0.7905727881762836  2458082.7068123883  
0.0  657.2694408727732  0.7242710897982326  2458084.7994070435  
0.0  642.1397943882141  0.6548566404009295  2458087.5063272677  
0.0  641.4421768025129  0.9712392635903837  2458093.3562198663  
0.0  641.5764933382205  0.7017790320731607  2458093.7122493805  
0.0  627.2774555379226  0.6038398427981178  2458100.4403914753  
0.0  605.5436176707203  0.24685012683310692  2458102.2391295875  
0.0  741.7809797185051  0.6539474802684967  2458102.695831263  
0.0  212.4326707049231  0.4899556263033492  2458112.6000472642  
0.0  238.8865160644841  0.2433965163065973  2458113.4230913506  
0.0  604.2358429468578  0.7725490711016147  2458114.2279872885  
0.0  586.1684035109381  0.6489581495343733  2458115.509955783  
0.0  663.1030849715745  0.9654506750703815  2458116.7801228627  
0.0  56.296657457839274  0.4414104428542458  2458117.087050107  
0.0  219.67873954107358  0.24166517986385194  2458120.5166294617  
0.0  625.0577070987438  0.2571509311529975  2458121.4201844675  
0.0  587.7389541648297  0.22690319723417895  2458125.2881995453  
0.0  625.4704893114397  0.28807966314292366  2458128.501934425  
0.0  581.4211702357577  0.6008740234311832  2458129.880426034  
0.0  585.2101746155035  0.21576062050426328  2458130.9778781827  
0.0  566.7080316722228  0.8822705211738572  2458137.0461816736  
0.0  593.3869287487178  0.6761223831297806  2458139.021195109  
0.0  552.7432546373363  0.6091229222780362  2458140.4691311023  
0.0  538.5126997049967  0.34428940043517164  2458142.406995585  
0.0  551.1481424891341  0.7306978985093845  2458149.870719512  
0.0  154.07656015331872  0.19898138831234502  2458154.8359158854  
0.0  532.824321117724  0.5277117666428772  2458156.361211994  
0.0  539.1501534186414  0.729549736644979  2458156.4831529963  
0.0  516.7208153459937  0.5074284767624759  2458165.9195476486  
0.0  420.2014813133694  0.4467115043767509  2458170.034559315  
0.0  699.1345504532616  0.653282367490742  2458174.377752025  
0.0  599.2218582188882  0.25304035567803396  2458176.7888727915  
0.0  236.29951765806823  0.6425420368914264  2458177.0048137982  
0.0  444.4069946874325  0.504873880593047  2458179.5306882886  
0.0  524.1101331993477  0.6694979667352676  2458180.6213887124  
0.0  473.89189668528735  0.31011867632443263  2458182.550008659  
0.0  473.8059981502098  0.33959145123048606  2458183.1612204863  
0.0  472.551047416177  0.7701794754491924  2458192.0908341394  
0.0  472.36237147073734  0.8349163614171307  2458193.433359589  
0.0  464.1837684135593  0.5275477581642096  2458194.0173255764  
0.0  459.47100578264417  0.4917087525019871  2458197.774180279  
0.0  1097.3471531963555  0.3554636726070892  2458198.743152393  
0.0  465.76598798686155  0.5223594017906601  2458199.2602514126  
0.0  467.86197737230714  0.7362307714891472  2458201.796533756  
0.0  450.96524824527376  0.7995940351617307  2458205.1783920457  
0.0  462.5935119275522  0.7320767164788131  2458205.2214809214  
0.0  431.9775439057959  0.41087250448957807  2458205.774163287  
0.0  453.79409640044474  0.7235207190247432  2458210.332106236  
0.0  460.1224598282264  0.05581302511059116  2458210.4648067923  
0.0  421.75679549355607  0.35457521156367444  2458210.7101616175  
0.0  400.433074069901  0.3446213399366207  2458217.8296195385  
0.0  444.01067644784086  0.13842137607204796  2458218.4579365514  
0.0  447.94111714715405  0.10825277175420511  2458219.7253807196  
0.0  421.9857585495668  0.6077895758786054  2458219.970655641  
0.0  445.1635034779213  0.37388516875337247  2458221.3125959253  
0.0  454.94553745675023  0.05448944062622352  2458221.984087148  
0.0  432.69119720591397  0.3315164296912416  2458223.08834687  
0.0  451.80000949924187  0.05999420388208181  2458223.874576333  
0.0  728.1153077689185  0.3848119975941327  2458224.0998272374  
0.0  396.06062928926616  0.28215135707432604  2458230.9920967403  
0.0  419.4919182452063  0.47407964985138157  2458233.291347138  
0.0  380.286810669989  0.38151024756721025  2458234.0202456634  
0.0  394.3136967389387  0.4246384952844217  2458234.09555697  
0.0  395.6243341912865  0.5777516751841436  2458236.257800815  
0.0  412.7612715285002  0.9612988153307578  2458239.7245242237  
0.0  375.34658877255583  0.3400106215936687  2458239.850919698  
0.0  373.54438778673784  0.04933902936706186  2458240.340693325  
0.0  98.94320174509312  0.7286924115369992  2458241.5869766977  
0.0  389.0959509818438  0.8502197008649983  2458243.3649855144  
0.0  227.48794302734086  0.47283078805542267  2458244.7266811975  
0.0  401.6213991661972  0.9401846708896056  2458246.007625834  
0.0  382.49444199049066  0.851432976665371  2458247.323653073  
0.0  402.57560016985286  0.6578765378467689  2458253.6019598176  
0.0  361.31660344047185  0.36011049243235604  2458255.4031490386  
0.0  371.58855383029584  0.393957058532769  2458256.3726203777  
0.0  365.10547057427743  0.5429842221331864  2458257.603171708  
0.0  304.4386933681765  0.20051051809512488  2458258.9095544824  
0.0  491.42313064762675  0.29652514770014604  2458258.9166891505  
0.0  340.3245018531218  0.0578728029321284  2458259.91883481  
0.0  374.8970517269716  0.06788882539456265  2458260.4037049254  
0.0  339.01491909776735  0.058636462265396136  2458262.3222132693  
0.0  352.7323776482092  0.23283739043658597  2458264.434356045  
0.0  353.60343169912767  0.36118768698826964  2458266.526185677  
0.0  353.2296491278424  0.35030712028281275  2458266.6510346564  
0.0  348.8386138851241  0.222486950123134  2458268.1177062197  
0.0  348.4013973717549  0.20975986276300584  2458268.2637430863  
0.0  328.98310618822836  0.21855307722238282  2458270.870260171  
0.0  338.02627071936433  0.5730450500614317  2458276.048231007  
0.0  349.289775344836  0.2049894641084928  2458278.1136298236  
0.0  311.73468657099954  0.04557301663860905  2458283.072220798  
0.0  477.3883981259132  0.7483048236497808  2458284.5439985828  
0.0  249.1761179642777  0.060563303891830955  2458290.0851208186  
0.0  313.6057811103176  0.5466131389396642  2458292.7696961383  
0.0  155.03860198723783  0.47699348417448856  2458292.8665197706  
0.0  305.8877220576228  0.4574410628674709  2458294.019317859  
0.0  299.21685097946204  0.2672179104470135  2458294.692472752  
0.0  317.71002793900516  0.8189585639635499  2458297.482501602  
0.0  288.62639806502153  0.05359417663636995  2458297.484761454  
0.0  969.3039895069818  0.09333849895040625  2458300.1913156123  
0.0  310.0873325051641  0.30234565263303353  2458300.239541435  
0.0  303.23853394317507  0.6501241519819577  2458301.0835555787  
0.0  352.33276037269343  0.38657873117452524  2458301.733678965  
0.0  291.53623882248723  0.4058180508394272  2458302.0443147058  
0.0  271.8799352353067  0.0989638542215848  2458307.969566993  
0.0  278.57636568634155  0.22448637441803468  2458308.8829852818  
0.0  286.0946068086658  0.5539813127364062  2458309.7181915464  
0.0  266.0757981686232  0.10614592347126321  2458311.304992494  
0.0  289.5119571159065  0.5432620975902283  2458314.0449878233  
0.0  631.072905084321  0.36422260192390465  2458315.138018438  
0.0  255.2846304154541  0.09716376407259339  2458318.179816092  
0.0  248.21426163279477  0.46380016512948485  2458325.6848007548  
0.0  254.78400942236223  0.9687247812454116  2458330.9867176763  
0.0  240.28451139195795  0.5860473013352709  2458331.620713738  
0.0  628.3643779961171  0.26577539842040543  2458334.6849286286  
0.0  267.12003514256844  0.6449239458774234  2458334.9420057177  
0.0  245.3065618957398  0.90538399991523  2458336.425284328  
0.0  147.70862938626487  0.7513416582797144  2458336.498273359  
0.0  211.04074451963808  0.08470981076765222  2458338.2359273788  
0.0  291.55250186314606  0.6387050563634367  2458338.8835891034  
0.0  63.41017736206027  0.43550448917302464  2458342.301066105  
0.0  584.0435340632065  0.8847317927812428  2458343.519866026  
0.0  665.1104329452437  0.3017168759291109  2458345.097304624  
0.0  229.57553755674905  0.8542467843723902  2458345.235675657  
0.0  227.1510572224148  0.5720523187334194  2458347.013562355  
0.0  245.26921343144772  0.7619126317615964  2458350.0539764594  
0.0  276.1592639018818  0.1687934426212283  2458351.3949832185  
0.0  202.68198026677968  0.0862047827881911  2458351.7294331733  
0.0  219.3573981176486  0.626562104549131  2458352.3440106963  
0.0  209.31867317408512  0.6382191316180192  2458352.573634113  
0.0  214.34866587338814  0.8047484298764778  2458353.763708884  
0.0  173.1271993934431  0.011182461894889029  2458357.3066294105  
0.0  208.08597455297536  0.7469336701746413  2458364.5718026115  
0.0  178.29417574498052  0.3722836584110524  2458367.397363407  
0.0  175.35257436661703  0.20161553584367103  2458367.793210457  
0.0  174.71326836659995  0.2024509534183781  2458368.1900242297  
0.0  188.2435252389494  0.7198878273732666  2458368.384276479  
0.0  177.13583606359114  0.7291890608298013  2458372.352580899  
0.0  259.26319812748244  0.2892850639337219  2458372.401914017  
0.0  196.1681477319489  0.7785261259162535  2458372.601702983  
0.0  543.1248723992328  0.26202449690815605  2458372.7679995163  
0.0  162.1067466277742  0.9707069246049153  2458378.807918615  
0.0  531.7413999794444  0.9501919452267408  2458386.267324174  
0.0  151.75344909880505  0.6441359332065333  2458388.334593073  
0.0  144.88869032529624  0.84648378143684  2458388.4555092496  
0.0  144.84459331555823  0.8376889343937428  2458388.507712211  
0.0  143.06269446114743  0.7855632770498564  2458390.0318072042  
0.0  144.14267206474037  0.1521982106414539  2458390.314158603  
0.0  142.75576613094415  0.4210866364762167  2458390.9805094823  
0.0  142.51290135811638  0.37264891832101255  2458391.2680178755  
0.0  141.11882757414264  0.78084845086065  2458391.7361412277  
0.0  139.81551578484064  0.7375104022686825  2458392.8467223095  
0.0  135.72333139667998  0.3533486435102087  2458393.182296239  
0.0  138.70518974689182  0.8876984991745925  2458393.4965651263  
0.0  136.98456394584974  0.7434495557859  2458394.28278153  
0.0  143.81570354902058  0.7070886486760046  2458394.607354823  
0.0  150.01737606896813  0.5653671706715788  2458396.0186974215  
0.0  127.04525524828611  0.3035265124435911  2458397.533024983  
0.0  548.6703368615058  0.9678204068350214  2458398.2581489077  
0.0  158.14316573300968  0.622630599291252  2458398.3305808166  
0.0  109.02813905271856  0.3004775097711055  2458401.5545439995  
0.0  128.07958577820816  0.34726433139429586  2458402.847170361  
0.0  122.17537737798763  0.739410680943954  2458403.15163479  
0.0  137.11760803496082  0.4125138193636206  2458403.889378247  
0.0  136.68019747695678  0.4138411681179818  2458404.119982237  
0.0  9.982209459895103  0.19910472888068426  2458407.4387321975  
0.0  143.81378387597255  0.6331331009637862  2458408.9864802714  
0.0  510.2447693994485  0.2426278779493488  2458409.820695771  
0.0  110.50665859464397  0.6425111502142942  2458410.1316642296  
0.0  57.22195287519065  0.10376831618784316  2458411.550261941  
0.0  103.50569478467844  0.3929188368835361  2458413.6353888637  
0.0  100.30247130528002  0.4116202732025346  2458416.8783641765  
0.0  97.54286487301322  0.7014919119736238  2458419.808096417  
0.0  125.30852007689691  0.6313635824414113  2458420.0987517126  
0.0  123.56544420331198  0.6238142399122487  2458420.9262711173  
0.0  108.28434527823899  0.28534770637196427  2458421.81594994  
0.0  107.93243750771703  0.0673640860135668  2458423.945991519  
0.0  89.70062033169808  0.609121891645895  2458424.184976367  
0.0  107.60189300709501  0.033135378472829546  2458424.1974148178  
0.0  107.49545482502381  0.05796926147295012  2458424.370115588  
0.0  106.501930230689  0.043510740668777914  2458425.1378912  
0.0  80.91264657798808  0.30204734411572043  2458426.3231497193  
0.0  80.88231292377687  0.5406802546563959  2458428.642311003  
0.0  80.31656466432096  0.566491501891035  2458428.6788854646  
0.0  79.5820597392023  0.5706249170899024  2458429.168451674  
0.0  79.88874890065387  0.5491595511773111  2458429.598524924  
0.0  93.36123254443888  0.17432297198214236  2458430.845145456  
0.0  70.67996353330315  0.3129292548256965  2458432.6649410687  
0.0  89.47787215139101  0.19713862027660722  2458433.689894316  
0.0  69.95350353079266  0.908874140156263  2458434.7422683323  
0.0  442.7211812401615  0.9544735601233374  2458437.5096448646  
0.0  64.99914209262262  0.6670331116544492  2458437.768729592  
0.0  63.03017363615792  0.6464192617715181  2458438.7639309876  
0.0  52.234081604799485  0.15860323628084338  2458444.9893303066  
0.0  50.32567967994498  0.12021136741989569  2458445.3670804356  
0.0  35.800870653089135  0.9630286049631258  2458445.6857906003  
0.0  49.58078945018016  0.13656973205085893  2458446.57648462  
0.0  96.04957344581828  0.7574911465355487  2458448.085008622  
0.0  120.92081996439128  0.11154701100304087  2458450.3967927704  
0.0  35.848443714892475  0.7198212143401372  2458457.278746483  
0.0  35.72383408407437  0.7249822244832334  2458457.3812735337  
0.0  16.587599419876796  0.11163125534180152  2458461.998301082  
0.0  26.394648111356197  0.8382564269254011  2458462.1060421155  
0.0  25.560114709065815  0.7815310336123267  2458462.3156537404  
0.0  23.42583094180435  0.42323876540007516  2458463.6295890636  
0.0  16.436736212627153  0.16139140572664673  2458464.607193164  
0.0  37.226081124589555  0.4078886668729973  2458466.635595816  
0.0  1.3309095627518133  0.00046713220812655276  2458469.9493943676  
0.0  20.170682125747575  0.38478768170940736  2458472.482743746  
0.0  31.24297936225257  0.5392822015732289  2458476.3497631107  
0.0  10.337009275135301  0.3527180946289126  2458479.0803697496  
0.0  5.859305201069292  0.32330335081071115  2458482.009084249  
0.0  4.317363579528717  0.3175008819237407  2458483.046664549  
0.0  4.287764970911894  0.31740063121774637  2458483.0664206566  
0.0  27.05896779407806  0.631166326397871  2458483.1429265817  
0.0  14.153191591564315  0.9145871373178682  2458504.0967518846  
0.0  216.31700968937218  0.31730638370515923  2458603.5094697345  
0.0  139.75112786574152  0.34119089080663373  2458672.3215608518  
0.0  120.7003511033272  0.3320504800491872  2458688.443349226  
0.0  117.30241629185548  0.34793271162252076  2458692.2729022927  
0.0  793.9647573602088  0.04340806685662679  2458709.1974877245  
0.0  19.09548809412354  0.2052192323433225  2458764.785066981  
