-1026.9974218857055  9.349031043886676  660.8255189400347  11.832578949674376  15.131028627039804  92.32267866861204  76.14396903536911  
-1017.5149033114417  4.421553480622327  668.850857039814  12.98210899783344  11.71845830129824  42.28434235029258  98.95080363396184  
-963.479188216851  -0.7480794900083136  663.5045705893164  11.134778047276722  14.171318102449751  86.10146160259981  79.22502890840876  
-929.0095451237448  6.7459721882881425  693.2082307915863  17.482833302383348  24.69449657952888  94.99617207883456  99.43763753071352  
-895.9944182753851  7.180054984560236  683.9812591537766  17.693768039596364  12.152906584549937  95.78653275967278  95.43775835146695  
-886.1815692300864  -6.332232997415394  683.5950792260788  10.154577083086567  10.125663949412964  84.57209623496061  59.866156418872606  
-865.6241644627024  -1.4731497130004279  698.4625846608169  16.21947286349062  17.826398061239217  83.99654451881861  97.32811752802883  
-858.1142741462496  -0.5000071697196535  672.1579165317496  13.989262367572177  22.862945503316208  92.28313498287532  76.99445388589984  
-793.7902794365571  3.684486291612128  680.1710249171892  15.635521980846272  17.29245133888851  43.46930095585228  91.76884535669669  
-777.9385243384295  8.336102976747377  665.2583727493277  11.20806300683231  16.561729041338076  78.27313839573833  54.140321707168766  
-766.8979526053315  9.5025333739082  689.8476089820492  19.720597597467595  10.346706995452498  60.99456395026165  98.61852869498625  
-766.6944425640634  -3.632193401264761  690.6974781053616  15.93028516323563  17.03194401676371  92.3673179718207  71.03529336475435  
-756.1350972515327  7.192694987605904  676.2058868029493  17.559542172438118  11.044665591657505  71.28410702123809  91.0129588431254  
-753.1761364069937  2.9512185851238275  669.9900137643972  15.176364487774302  21.361692231600273  58.36577698303464  88.5823126863731  
-749.000493166257  -0.5476235140874621  658.822604498168  17.815141231306118  20.94535447297947  98.22849916292232  62.55455719938147  
-746.3037759611001  8.008722384471564  684.4810580797279  14.380056253735367  18.63401254377594  64.29798764981915  81.24601724692266  
-744.7325468099546  8.947832372773235  670.8079002701721  16.13104564837677  13.568721374060393  91.38176439884103  50.45441153132752  
-733.098298338545  4.918594896090241  697.3006114457627  20.82160126282433  19.545747080907176  81.26423864975254  93.12991993279516  
-732.8723591000588  -7.880862126543917  656.5133030803356  19.550504641984872  24.22344528300782  99.74837434709687  59.71435536310913  
-719.1767813539797  -2.334712040229425  678.0907557193939  23.322409857561993  15.444760724123128  94.55010394749648  89.60749315184091  
-714.8497536364858  1.545308033698042  673.4895127458974  16.011583805320228  16.068784335317932  41.946084082894366  84.12129146471247  
-713.8154294170165  -0.30844761289924527  697.8411581153113  16.884662917932815  13.4587364575287  90.20421895258819  46.112594695192  
-687.2418755390274  -1.908588728888688  661.7607775661935  22.07240953828793  24.91915595079634  74.7202017581743  93.05516811257897  
-687.1958834798965  -3.4726371821334805  672.6943303636141  19.05491423699324  16.86459398746255  91.72843985786847  64.52442992804582  
-685.5937594809412  -2.433703136074188  664.8353532581858  20.77579788540043  20.709433403450056  95.10213832567187  46.76374094680892  
-684.0827364029919  -3.264988885544806  683.5387329644027  17.617535537816543  23.935478565075407  75.54380734315748  81.98334789726312  
-679.8801154717587  -0.6202660391220576  662.5284361620486  23.991921421733863  15.009475644552175  76.17613438026035  93.95139857545044  
-675.2866327169762  -5.966657444364872  690.9912025276309  20.4403429250011  19.882512442897948  56.40377706996295  92.28015938496677  
-674.7930183900487  -5.161889849275953  683.4073805650551  23.69612245620597  21.21168626364134  96.81485482291463  67.85104402162483  
-672.0974765867767  -8.47051920919251  669.1155063762153  15.628292671499178  23.20788048960833  80.57261907169652  62.479977302146395  
-670.50839508503  -7.568825725742723  659.1642229428905  17.41740271313571  15.765183226328604  84.3934990017748  46.090964911069996  
-666.7309578211001  -9.4074393090544  668.0259518562082  17.123979773856902  17.387938144003215  62.410393608363734  83.27540518100679  
-665.882377715425  7.379141839038695  671.148956992433  22.670179365095464  10.128557539935287  66.8031227117637  87.82172053551605  
-658.2525438636459  -3.7456180701454205  694.6883354837132  24.37660656814766  10.02128599168001  55.83192915509575  94.11772333941269  
-657.59335660825  -8.62023318630621  689.8924308045104  20.467733632502522  19.658895055889808  68.45878024481577  86.50308991476089  
-651.4789376054208  -6.903651884778485  681.8272590013361  21.856764329914107  19.72562493396547  44.58801349228497  88.02985094490509  
-648.1821924157709  -0.7823340587081802  671.5523461454493  24.694977155423803  19.771749528469606  60.85587995555315  91.29740499149494  
-644.9166006853097  7.134453391432956  662.0393170304583  15.718302971448647  14.409067470994579  49.19134175865034  70.52537970424662  
-640.9349447353535  7.555881321665957  692.292302519608  15.047777596501845  14.146597453195483  68.18314589414815  63.130552873166735  
-640.1952523825338  -7.426121151144589  685.2859265262101  18.37707065861894  14.95978259817601  48.49017218490394  81.40917553613671  
-639.9598960594319  4.5719208397099  666.0721713417539  20.643913752898094  10.245052683819164  69.27803310965001  79.07984008395215  
-637.7297754200747  1.4752905054499195  684.0548449026348  11.463995163884524  16.08769161908812  49.43624718491655  63.47206476213239  
-637.1411439212269  8.597800991158888  661.6409087954326  24.581753529595748  11.807564785678736  88.22283669924225  57.66305008601198  
-633.4606253598814  -5.7501097514822685  688.6913169426792  16.719677964264505  17.267130134691367  50.79494864160747  77.71756409175092  
-631.8691592492271  -7.917590235061997  667.5719035775699  19.554448212283724  18.276026913209833  75.43492204109953  73.17469148513695  
-631.6289440381646  -5.536929983787711  690.98327044662  14.699143299817889  14.120315723772372  73.7126611369373  53.440025138962056  
-630.7483394567819  0.821093233847014  698.6188512223856  19.9232671876252  15.230482156133672  79.83377667070056  65.78408658100456  
-630.0651798785545  -1.1396449480770965  653.5112434047107  16.213957665862274  14.473350395321837  41.180596124076025  70.48442261617681  
-627.8748565147633  -6.845328326955091  694.9589637997753  18.67232903749712  19.18708520478969  79.37552728298746  58.75522223155532  
-625.4751703269006  4.005650148537734  664.8652419495016  19.447798955844902  10.958704441260277  79.52232303529355  60.76193920015757  
-618.5144984966951  -8.806795940608719  652.4689753833236  22.071015156574937  13.607236086951175  44.729203190959055  77.37254238746561  
-618.3261994436276  0.3751898937424123  695.92304082342  12.188504534578223  14.53491195914832  49.614183333356955  62.78283997900087  
-614.1876796835388  1.7393140039093709  694.2560040465188  19.28344356605532  23.342422072840012  75.43536340582267  63.17172685886564  
-613.3581569185789  4.917379246422577  659.8637355713927  22.04905354119477  20.13653274803585  78.93671550960516  59.79168285537084  
-612.633993489423  -4.931125067400933  657.1344519811846  24.094527871021313  21.375396351817113  46.84673463806854  79.12858881657306  
-610.3944180889358  -2.087461075608301  679.2467253979776  21.596168761266597  17.87290009957756  77.20003155645765  40.28685649663901  
-609.3734056909854  0.9940427247284394  674.8294814504449  17.32364382269849  22.4301519418637  58.74856493634857  71.62583685101924  
-609.323640091621  -0.8051610412144967  669.4159493516823  21.124761301491525  15.447607554355946  75.71406554153782  66.98364567119492  
-606.6893131500132  0.5596044829661491  653.4884464488744  13.913054512914488  12.758350876106126  59.88310274085427  62.686935433850635  
-606.3839373066344  -8.548068441442991  660.9815455252483  23.985162661286687  16.401295447015315  69.92273347016749  73.75633526617989  
-604.9843593077724  -4.429617842739009  665.0198944328041  24.073706936803  16.54400639293163  78.13577238521117  43.353467343915405  
-604.7420158707508  3.235820372864456  677.6517555665458  19.741340974355385  23.032560136922367  42.07445950168166  68.95236549431777  
-604.2413923367458  -4.144976423398821  665.31940635421  18.919074581630916  14.277732938907976  75.59392049181605  53.98012249145333  
-604.1835980726197  -5.803384530778766  659.8535764631849  21.890945468088297  10.135388936449466  42.604408225571284  72.27956809128491  
-604.1379292764136  1.6608242280149703  690.1911345122949  15.174218343617362  19.160773489025807  66.61965112679559  41.97849481296895  
-603.9456901016144  6.549267637008686  671.4947545485411  13.784181265653853  20.47222495599636  50.53806984447557  56.31635503843099  
-602.0074382879433  4.074014679911004  658.2277300694769  19.17938090654522  11.229679693932269  73.40065458705811  55.2361703568884  
-601.8590983426543  0.7027898077331667  689.506340004104  14.001464922715178  22.007818820631417  66.20535889936357  52.73186009386101  
-596.7604763253631  -3.196344551692258  684.0271224850158  20.928648428646067  21.500740599243503  41.25518615100302  70.23639766670199  
-596.677072334696  8.541276573463048  676.5446492504408  14.60469771016885  19.56094125492126  52.915594670009625  47.4224888827803  
-594.8780759827  9.277017844185163  652.3147101379069  21.28279201767458  15.742970297785599  60.19811412205917  60.50229641596036  
-594.6210092925468  -1.7449437200006201  664.3379379702856  17.902954991376863  16.614819867489054  60.92383847336673  68.49349059743855  
-594.2384905255647  7.421914959929829  671.9034456634859  20.31397900599135  13.681849754523734  61.936417025865595  63.7342991551297  
-592.2543646905245  -8.045776913520235  690.9936076863353  14.056261075261013  17.089564981602198  41.97810984101038  43.38908286452645  
-591.0620135659819  -6.961971335433274  652.7652657620015  14.923223751974415  22.310249898843782  49.83756455788451  62.90368363731396  
-590.3034501249708  -8.232952744953558  675.9219169290903  24.145868244476922  15.49009644667989  70.31325730669676  63.81501757472182  
-587.971384499654  -5.784445985742217  675.8367143374142  16.88752050177745  18.02165654728674  62.393265030150566  40.16913453872837  
-587.2899876383547  5.394469468239233  687.8916462442013  16.841543810932112  10.790042884871733  50.891749738443366  60.37649892428554  
-586.8670342560445  -9.040632593069436  663.8925533102724  23.438176229668763  19.346593250957454  69.71870130780243  56.92217600639208  
-586.5140086762344  1.8456999962189116  664.2698219872311  13.101145230593602  17.549212702263944  57.32064441381622  49.37218401992011  
-586.4368400839599  -8.54030500394398  681.1271760892146  13.083476535807645  10.23137002934851  49.75957816287851  48.03855134154598  
-586.1618077110012  2.2583547153425183  667.6064946857754  14.00171778956993  19.103828884268502  42.955494722913684  47.61227124409518  
-585.6493839371001  4.539648669984459  684.813745747846  15.466506375551175  19.170042599248017  59.44705838728935  42.88676468401765  
-585.3511600329826  6.70515714580559  684.371713426844  24.11798379349105  14.34616497922626  56.7194005984976  63.469897899870304  
-585.1065417301882  4.011964670768755  676.8224744915681  21.90135252175803  14.219804019268935  69.44082181689078  55.65707256952501  
-584.3974747665353  5.633821858966835  684.4995067301038  24.40921335939513  20.257794019584676  63.723665010457054  60.81767340260859  
-584.0413714915582  0.1289659125097522  683.5403878868731  18.31686489827674  24.385899672963607  47.24020724220254  65.08445547645796  
-583.9131156781125  1.8000645595169864  693.0749527680334  22.452412087088298  14.520339243394755  66.85884097741221  41.572930136149125  
-583.8526396291893  0.901805685833267  658.4867500338905  17.539291931092638  11.900707690966815  64.70130840923174  58.45165118753841  
-583.327747009863  -6.293281800938617  654.3348296430655  22.020778665491214  16.28743019106503  63.24686050729044  64.5167662276971  
-583.1556181785725  4.67109816367746  691.7617876818143  15.798479585001216  13.16677583286667  47.48118647827066  55.9590571497866  
-582.6974459174704  -4.83763407867992  672.020422501723  19.90999877556062  21.197931738506238  49.6830057042026  67.67423073379481  
-581.9211050177998  -7.658549521702895  660.3475811231763  18.600502119295918  24.67855264040046  65.75042468863363  52.535123668513755  
-581.7782140048383  5.794030132822687  693.7234324564847  20.301733211918233  15.9033032061725  43.307264184561156  56.85298399339577  
-581.526333456142  -7.257635929175404  687.5795441882407  19.325920184044076  24.108106221159634  65.02958244625287  45.62791530539197  
-581.2033650212212  -3.8984153463612365  697.0174069830049  23.09498194836406  24.65519612587707  54.351377865915794  67.93279339640304  
-580.7291282557069  -7.986224330177358  656.0364332370536  14.276796845562613  18.342771758963845  54.25371202652097  54.468399219079856  
-580.5160209426891  6.076492800318199  697.0768037611285  21.585285110785534  21.582285526809144  61.47142513931124  57.05554670809687  
-580.1630335833452  -2.0238779547470926  698.9768362276758  24.98878166654933  20.984024754096943  65.61444082809739  44.91050742878815  
-579.8856812413734  -4.355366452415943  684.4562051243395  19.4630636011465  23.197308231853505  58.91404576372449  65.85274966757981  
-579.7966840866492  6.30560195536756  670.4699450866692  24.122989182927718  10.888771656481264  43.194417204446005  49.792636566712005  
-579.7007777806751  5.2656008469329265  653.1638167108953  17.004297091787443  12.723378214461228  55.837004261130346  53.33044000867315  
-579.6534585937824  -8.676880758884769  688.6748089993137  20.32128804596171  12.39642633218103  60.54689412387667  42.108312013457855  
-579.4297371029714  7.4166038110148556  665.7677142947344  22.3008668743528  13.69741525356196  47.836399648373614  40.74728822393585  
-579.290948667441  -4.609761948187943  654.6036085486778  24.400201121111735  20.3262185607434  66.64416660645581  53.334724987235234  
-579.1271713368408  -1.2765644373846499  671.1130835826696  22.09075439591917  17.762438909837254  68.88773217367313  53.59856576817974  
-579.060134645508  -6.75674835069753  671.4205513649058  24.427915921989904  13.574606693325359  65.34803391103999  60.106381706269445  
-578.8026352852951  -5.663662277962597  670.1937732685999  20.747706522540483  11.419701286455995  49.019562099340874  65.70087346921495  
-578.5045692091214  -9.190708761462252  662.9884365582132  23.752733275719926  18.58593470830983  64.2506447926781  53.20028042922202  
-578.3499816161922  7.5038299199704  659.0392878381377  22.280752144509158  20.207383307192387  47.76549546073298  44.96645890815468  
-578.2258854993032  -9.04826388673252  650.1386912742901  19.504193789884162  19.211071063494533  45.18899142336862  58.28103976993778  
-577.9771422302256  6.32009444567527  680.5954409671047  19.7776635706009  18.192587254343113  61.21485834519081  44.710293932434546  
-577.8869635370413  -3.3269337256724008  662.9109001607591  23.744408197924933  15.917494703034377  40.59369419406264  56.670561362646104  
-577.7831761589706  7.410979881563524  677.8915553297427  17.465129040419953  15.382663531979928  53.365371516039524  46.59855953553933  
-577.7348989594136  4.968618676215419  664.1292529544817  16.757993325348806  18.607286170226082  53.88444251884117  55.219505136029085  
-577.694217718772  -7.744044453201138  693.8832558506423  15.333716386558528  21.193433045820605  57.906808269494036  55.87388116003636  
-577.586455120414  -1.660238535612148  674.4291570978858  18.431401328039875  19.90812145262261  46.5862302683934  62.99165111774007  
-577.5443239994643  -9.9610236687262  667.1293185032691  15.422510389840351  15.794994998867205  49.131551869307074  53.655525526896476  
-576.8763286929358  5.881422388261125  699.839743920557  23.263830624923195  12.409588460331687  48.90595791020159  41.61343806139456  
-576.4572764192285  5.820507657142652  665.8620712844927  20.567890982893203  13.650130565077195  46.98844885730962  54.08199581090802  
-575.992164889715  -9.223358274685518  666.4841443580707  20.783253859906026  22.960944973341167  62.816168964002294  54.281194974547354  
-575.7208087064173  -2.9225361635076634  657.7302465647401  17.99121359859738  16.91501321953188  40.04367173762249  45.45117232391515  
-575.4086665787181  -4.495331006432124  674.8005586480332  15.357559939719973  22.642099158237535  53.84536198251389  60.02269976611339  
-574.9837083251732  -4.502845130093265  674.4579878434645  21.568673162838547  16.5443551827478  62.944139968210024  42.75853706623344  
-574.8268162087801  1.6701885533741745  667.9119234857654  21.78648768289949  11.178178772309863  65.36239484233538  53.47862289074055  
-574.4534299134621  -8.540654228690578  698.55455599172  16.869319084377604  16.568595087452668  43.05738159913505  47.78636087544575  
-574.4261774545705  -1.5997735977102145  690.351838959507  18.564275206830054  10.851918888883734  40.09353156424514  55.38125342064647  
-574.3353563422714  0.6279786616620271  651.651397845083  18.154269381828055  19.794727166950395  43.69830251828998  42.62918031688767  
-574.2596410029101  -7.433025491954468  657.5614195533002  18.19366355274292  12.010014354234062  60.90579030649637  54.715819091456936  
-574.0438771001159  1.9257130206777866  689.0128323124102  17.217494589090162  10.542946382002933  58.89308558946231  42.942110219060815  
-573.8796078091835  5.611746519675766  655.6227098383426  21.646492880452076  15.117465200767558  50.67733049694205  48.28790072339716  
-573.8677556419127  -8.01600451772347  651.6075580704259  19.05297431270655  16.54983615730687  53.84946334158784  59.22076097819305  
-573.7819497178388  -7.835231767665145  667.7343460134841  20.27027509017813  14.957997138934692  47.87336122022823  61.32433972060548  
-573.7448613378908  -5.951989658365459  664.1684795536028  21.017002002706214  18.229190793496834  63.693395588139694  48.26598541727025  
-572.8606514329075  1.0636795378897457  652.5312675498727  16.864615586514034  19.864419479505173  57.64852192518189  44.28643436309956  
-572.613753630673  -9.429672667320819  699.5043042069468  17.61238011741064  23.923026283166983  44.820256256892776  53.78134390303708  
-572.456239270347  -8.595868322896242  695.2747941262668  21.35042440745992  17.80559563993285  45.66877631488641  42.751310687231836  
-572.3187004226943  0.6621902312396415  695.0070528757625  24.589770085562453  24.555032851471747  57.37233415297117  43.14727220408265  
-572.2611549571379  5.737708290117832  680.6331275999904  22.257661134524895  21.87140556022516  48.08062260536348  51.26998830001082  
-572.2290952475645  3.154869354965255  650.2859489915018  22.594531264233975  24.36828021092392  53.295021920113555  43.77329463117304  
-572.1334466725287  0.9561331934321959  663.2418787369639  18.1301670550667  18.798379965591515  42.429872000807734  51.28130359715968  
-572.1086752316213  -7.537810134678013  672.1450511369574  16.787154992114356  11.64353542891669  50.0790024723816  43.09524746355961  
-572.1066947433463  -6.176788634780886  679.6246786202436  19.856484179530412  16.221436541453244  40.31225699873811  44.91850177652993  
-572.1039458923652  -6.982502251936095  664.1996407767548  22.10540256490588  21.746409315698358  49.106996979869606  41.07436942475517  
-571.4838275781135  3.929029549973503  668.2274887258588  19.873359236672485  17.7713924439532  57.90433269171888  55.44751668328508  
-571.4493527384212  3.9009927630956334  655.1213019789044  21.288236889236458  13.041542307057178  50.00175897355144  49.11601983399153  
-571.1435252825567  -5.473981642227566  659.376164861703  18.208455995891622  19.261426956582376  59.30058873179486  57.6080171340934  
-571.1337868917403  -0.8950337219393738  670.098404033367  24.79113155230535  10.092587171791253  55.141770101905244  42.684395762843224  
-570.9841571396453  -5.604842141267053  679.844856072998  23.67193175314263  16.712280211226435  61.6819063046209  54.616769367000366  
-570.9389484319224  -9.254123721940964  657.1460434916594  22.77548745637005  24.19914601864648  52.459134730553714  51.18666077237143  
-570.6419786771467  -8.183707050658722  681.2585037713736  21.33896773550358  18.97627963607431  41.95629262811292  49.79053087842133  
-570.4334127918363  0.19676605007718173  691.3138546094101  20.83385620439366  17.929782337155864  62.97612581970405  50.96835842430984  
-570.4183595012013  -2.660206303115058  666.0418348713821  18.703692722699472  15.6016689329523  43.32051590396666  55.62469793503371  
-570.2263429285971  -7.423071370145871  676.5585445167512  24.91867244983166  15.210590458511788  49.15596896697028  48.65515421336078  
-570.0901260056168  -1.48497045060995  667.5822297650134  20.63414169041868  22.144194014159865  40.78175448020357  47.98833651148486  
-569.8676661192065  -7.757757966505552  698.1808044357638  22.246707710426215  17.050950249129492  49.95044305403212  58.54868480673868  
-569.8537153377645  -0.869816548601424  675.0879461750235  23.027724673743975  18.009356666155238  60.746871515563335  45.39216902876012  
-569.7179916219947  -2.437945318623288  670.9973862567898  15.22331551028169  10.866240118533906  45.04188035383802  48.76648225091749  
-569.7020695238003  0.45025085540758525  664.7205016497237  23.708681137025092  19.794785871819336  52.59436541261332  56.25412622262063  
-569.676559762461  -5.8450230423332865  686.5516660131789  23.077986876756974  10.080773990875862  44.86403558439938  56.102709687460006  
-569.663059247825  -2.542633097772291  690.1045083049803  22.71073911200747  14.054722289446737  49.72152274112074  40.12710271065492  
-569.529355323316  1.5851820245925818  684.6048951785858  15.536344022838696  10.913798572181538  51.89464638356092  53.880509282879615  
-569.4273297284908  -2.468260615536309  661.8398173777459  19.06778261178232  13.161661067300658  58.87873304053778  43.546462274815  
-569.3800767629663  2.2977587625497957  660.2052512625899  17.65805714234717  16.857476131586893  58.186912444521056  50.4051028883908  
-569.2951099318767  -6.34046939168436  665.5819403783032  17.445584127211042  10.086337002856084  45.37996206932731  53.89690793595402  
-569.2663200416625  -5.054952983015594  669.7042779708433  22.27442177520966  10.912069759077722  52.10895213827001  41.599117641882  
-569.1019312990974  -5.80658138290036  677.3912702858355  24.884542361096635  14.261762680299286  56.11262615654472  49.65820664645569  
-569.007798233651  -4.264199505480586  696.8744118279685  17.148355288062586  17.329436648978646  50.42932789207788  41.58706957884123  
-568.8284353201763  -2.8872536201847954  692.2148689041425  22.339508302138057  15.63412039978704  44.8677400777375  42.46504813534516  
-568.513328912971  1.6784942081857785  681.2079024914157  16.137163076135256  13.002711743112824  54.128369291003814  44.49078952150669  
-568.4558111453318  -2.25238937958399  669.04223867157  20.753039563120332  11.34777935802281  56.761375103040955  59.75832655565525  
-568.3317773320814  3.973039980771196  679.1983980695445  22.026572434053694  22.003241244651047  54.69273403092837  45.70344248022582  
-568.104732057022  -7.830013639889568  697.3289156938924  22.30894994266275  21.822720496659013  47.777612150500225  47.31704555851648  
-568.0285197221748  4.348870216171306  674.2594703597742  18.58715905481698  21.985810575252934  49.601327008795856  47.249734151622825  
-567.9207903640771  1.831883098475565  692.0431565229122  22.715384188524585  14.49083805507088  53.40012585042539  44.09344117161334  
-567.8961929874258  -2.0902686028541817  686.3090427364928  22.30404574971125  24.630168805939796  49.37781857866562  58.67340641171478  
-567.7467103376509  -6.851276571408297  663.7557557376575  21.69088740509057  11.826051141439006  47.23698935255394  50.64214405993445  
-567.6353869880802  -4.361262620185109  681.8137470066589  15.672353384298972  23.677734831706264  48.39122282240816  44.47620343652803  
-567.5979886493428  -6.293315942602962  676.8761321981434  20.662616638894683  16.770649703284146  60.00312648369032  49.454067635926364  
-567.4716453922886  -5.404553856280539  657.6336060633013  21.22016588226105  11.949978198377552  55.292818075906  46.91462935555142  
-567.3106221062275  -3.479525431736386  675.7648993373691  20.66198424619918  21.786797254358248  47.970503423092865  40.87195947919534  
-567.2910269846402  -7.655239811975142  690.8697198111689  22.094172975684643  13.805929598370575  48.70616267188098  46.845654783718615  
-567.1774065014768  -2.291488326935836  665.4737759534643  22.279251079391308  13.837001155753086  55.23618343035104  43.82661062749165  
-567.1471255602671  -7.360306757360435  699.3494528988099  21.165804049002773  21.303180302074026  46.44209264977012  47.40188930955232  
-567.0960510057914  -7.7839334482493205  679.918092085064  20.616026481815982  24.576648543130652  51.40911850178682  44.911582424029454  
-566.9931924035945  -4.223312499443641  677.5624905527885  20.498788503324082  15.51105794888739  61.20316768452045  53.36400249270658  
-566.8402730552234  2.4051165886247716  671.8388118161179  19.8450566751211  11.697449951860632  47.22134777712825  45.08943919387081  
-566.7822671559019  -1.5346476876282438  693.5658357606623  17.992866407411437  15.404238970649242  51.70787548572783  41.454338874678264  
-566.7001377696847  2.991464366392293  696.6711042690788  17.507169469722673  24.271762088805517  52.43461643996454  47.0170922781806  
-566.6356270321281  -1.5397657498295896  684.8567654423398  17.47824876704784  12.10944903485712  43.08386746896774  49.49177828508576  
-566.6031073405901  1.090636069398041  664.6578201242428  21.865261401570656  21.20392990629285  52.68956193633073  44.30748783892794  
-566.5635508186693  -4.905660649491841  686.6452578151909  21.610826722579727  14.852793412856615  43.36771418295925  50.014698371342845  
-566.5421547983285  -2.9003467047073546  671.8946262386709  21.905138474923547  17.003933327809026  44.1891006566876  48.297541879472625  
-566.4848817554016  -4.313486708801153  659.0179238271952  21.74945026431164  20.382869363821854  53.5923980336489  55.78386115136611  
-566.4701007325763  -2.4260388441432728  695.597091354901  18.905999389481117  18.29836323977744  49.48203449488316  41.258903026861645  
-566.4195174450645  -0.46268798810114475  696.3367659027209  15.425753153424926  11.138394680649895  50.949558208643104  51.511320576361726  
-566.4049448722069  -0.839407705939248  675.3423653927781  23.50804356377488  24.094292672766887  53.394294838372645  45.82380908296552  
-566.3863537555901  -1.066432924832867  667.7957996096748  16.152641194898006  23.763947272725456  53.05444388608277  44.41576891428358  
-566.3532176325025  -4.100973290976285  652.2099398818834  18.705076737591867  10.144694401969526  50.26543836483859  49.94188993125581  
-566.1687166514739  -3.2110848803425194  685.4402040487664  22.146898813147956  17.720539727340697  59.591924139189395  51.88730576405426  
-566.1449614857853  -7.074392168376143  673.5169356379147  19.94056917585684  17.793484273370236  56.62776510038702  47.77429328306017  
-566.1181291181223  -0.61268026169442  682.9782129630566  16.60730898827544  13.90652010986323  50.44504445961874  56.142053930871526  
-566.1163595845989  -2.404592485159159  665.4519377680988  21.77937631283739  24.974137718013218  56.124793725067505  45.152920998176  
-566.1046564057879  -4.312685128247182  695.0665076737682  16.330133051426074  22.305339082671072  52.16393065167061  56.2474355757898  
-566.0531350976117  -6.568670967606629  668.199981951281  22.39490567070641  22.761727148729534  50.24515368650064  53.08065553429256  
-565.883454213427  -3.3613306042594697  695.1611380263419  21.896545934932178  24.88953243421855  55.672291138265074  45.53419392693591  
-565.8400457075035  -0.5713518923001359  670.3089189031618  18.127575352371224  22.246225516298374  58.43503433360182  54.07507363675478  
-565.8313894422752  -4.6131455827320185  695.120936574308  18.12273052995814  10.372179033231815  49.18926392698879  43.88107903592282  
-565.6226578102982  -0.45171838040440804  675.8581908354548  17.730624395343614  12.232240577157276  44.5042585809112  47.69160551355094  
-565.5938510980272  0.4588464586839862  691.1389523119734  19.20295459552456  21.00161175744946  44.06175765543223  48.0771270970932  
-565.5298358866205  -4.952412557999386  692.8731111389197  19.868012895878195  16.711006902657996  51.879740741180434  58.49615733451036  
-565.4993942598787  -5.373716779286736  665.9581534625985  17.26108904924777  10.056460487081024  49.209919812701564  46.11874337470701  
-565.4537467468183  -5.326143587997516  693.2446082529392  21.708311529821312  17.765879675859715  45.31914909830711  50.419573237760886  
-565.3999747998713  -6.19383671353595  686.609320114593  19.577957941728318  15.592486816752533  51.31803885140812  43.97822352415637  
-565.3173209002363  -2.212722297876784  666.0520709538412  17.989490519470543  23.773262312210864  47.26166767390573  43.6349588089426  
-565.2942751059844  -2.483137627843929  687.6252822164221  23.316237534450824  21.09103431615466  55.38399307389428  51.34274513012585  
-565.2074918829043  -1.0747277548675829  678.1721984375216  19.008426884315234  17.03766215082086  46.258290931168894  43.003130881461786  
-565.187740714569  -4.655005831221613  679.709075551121  18.37411679483262  20.78501294685657  46.32254809490422  55.774325440097776  
-565.1288712161661  -3.213214998317815  686.1193999355085  21.99899311010738  23.35994766283189  57.27007892913997  54.28346026746641  
-565.0369493024161  -2.051459835470637  690.1985265399209  22.706623799028772  13.019697308375445  56.22388961056295  49.80632144453025  
-565.0279227487184  -1.9111196750236648  668.3946455567608  21.08284658495522  19.288635436531564  51.303563617478794  43.19273591696288  
-564.9871620691883  1.87725811651684  677.0546091431358  16.90033007141244  24.12847248088584  49.93266784121168  49.92632282156989  
-564.9575920513165  -1.4758786803474973  690.4715387867984  21.676137139259616  24.83185348554005  46.9607893483025  44.78386548581397  
-564.9422936849562  -1.8524825427283869  682.5039791659455  18.788741247110785  15.32866159754683  44.48217218087286  45.001403858452065  
-564.9184251317555  -4.214128465277296  667.6964972372353  18.520523012768145  11.582802407472554  55.65712708986415  45.28807465090447  
-564.9133237369563  1.0059456249164214  697.9657478563067  20.841447059829438  13.063538432187233  54.12541298051208  51.992225184331765  
-564.8985476745983  -5.706444621502199  682.9367674903401  16.96537627954847  17.036062342781626  51.23415619319379  45.40299083327301  
-564.853319031607  1.5113450404846667  679.7024218023776  20.137425646366793  19.22755618673984  46.85311561894182  45.866926274743136  
-564.7399697016486  -3.9320425878978593  690.2048368816345  22.47461922854072  24.192703112608932  55.3552936223276  52.860035200227856  
-564.6645851687327  2.668366033159737  682.6965164446739  19.394575350100098  22.609267449158175  50.570218545039936  51.65819945279522  
-564.6472869822351  -2.7294762286892302  685.420481886473  20.029083059278477  21.721897215227624  49.97387782224882  42.18545581045532  
-564.5348410465701  -6.408997548315161  675.4685965780914  21.063115959846105  17.626468500908167  55.60055375223216  54.12162925016478  
-564.5137546929125  -3.574185615799421  693.2670364971261  15.86694767228052  10.702499306798053  48.3384031871518  51.45862362990249  
-564.3340920478764  1.0518069614978547  679.9470222630962  19.269015282834836  19.132036455163046  46.84055356101281  51.835341727289325  
-564.3245414808301  2.534252914041364  694.9666280025176  19.336301421959835  20.66100438004616  51.31615366303514  48.38716707654844  
-564.2961384530546  1.9486588490585355  675.7549867812671  19.23082246178577  15.7010367927325  47.841910426319174  48.09933565705956  
-564.2896839203753  -5.032142451243304  686.8385721610384  21.634235212333827  20.46771619789842  55.881409397512485  54.0091465362368  
-564.2619974977566  -0.8703890924657856  681.2595853988811  16.530219840804584  11.093741246829076  51.023511106163845  44.57530710416268  
-564.2369626304509  -5.876215619035345  685.7588327923181  21.43694649165034  10.398039313069093  54.001199917933306  55.12712119692715  
-564.232438734578  1.288000254499007  667.0185301266861  18.96039745552014  12.980051697894496  51.9351709782019  52.853505136552116  
-564.2213511697141  -3.08467076237073  691.0382117715883  22.511238055758273  15.293060982377341  48.113841086324754  50.66169724862191  
-564.1837420862425  0.9056757495327048  668.877144354311  18.54956919015568  21.865171460255453  56.45411316197007  48.122858530230815  
-564.1679350641072  -4.228023961912597  698.0586099420084  19.79288398798974  24.85696523090501  56.372885145160225  47.98861648351564  
-564.1661701304519  -1.8956561849581064  666.7876993310384  17.371464857253713  24.196763295747143  45.95860099498641  48.157305662011865  
-564.1141524664321  1.0161965083456934  680.7688981430532  20.2946075603421  23.779625880726446  47.96204760470979  52.23534968207282  
-564.1034025591792  0.4317590287427642  663.8620398134452  18.769399347070628  23.479969383071612  56.504320844417556  49.81461117574865  
-564.0877454245499  -1.669557701910131  667.9591482473213  20.902424621243824  20.428923413531614  47.22863210692494  52.14416873514578  
-563.989301506663  -1.3246508252121139  696.251149974909  21.262994704915737  19.19494612982136  56.09801386119509  52.23094756032615  
-563.9764682270566  -5.80652660956313  671.0149253367184  17.696656789935894  24.203909754561998  54.94883904919369  53.50896502941803  
-563.9556907283902  -1.7117678372268994  676.8673231824542  22.60298550898041  24.79780105204459  49.72555193176236  49.50028450720128  
-563.942468949122  -3.431677180367659  697.0609421329722  17.93475062298668  14.479906134108841  45.79566350728139  47.32547662455592  
-563.9136105053736  -4.277851475601995  696.1284202240198  15.86709266805758  20.433588826553013  49.39480282364303  49.88375289604411  
-563.8263393839579  -4.4488938896617185  681.4506633186996  18.551452551098265  12.542730483096067  57.639217002181574  48.400163203452465  
-563.7943491008823  -0.08910390205021379  691.9078182674597  17.56508017666182  10.374971586459424  54.72402624136929  53.37129510586175  
-563.7746082359785  -4.611521254684571  697.7454258563796  19.402093273156723  18.925735841608798  45.522217812223104  48.61920554295699  
-563.7175738200654  -1.3523624833181138  680.0258362581941  20.77041214172702  17.847126021388284  45.42325886206586  49.24777542260479  
-563.7157423000374  -6.103658566662928  692.7738342732683  16.93679089483879  18.869474426155147  53.01585133325632  50.170208962963024  
-563.4814094148583  -2.789415645257206  675.405902928035  22.28357871893809  24.87330990651909  53.97549280216239  50.33042885856544  
-563.4552115244863  -6.005633208102316  675.0690125011716  20.45132073831384  16.595273370352793  53.309182290200766  47.266388211629945  
-563.3818075389835  -2.023465712504013  664.0578345048187  20.568988717205226  11.847960582888629  51.82572602120614  46.61849256244747  
-563.341002192042  -0.6225354944047492  666.7017968188777  17.82365751227232  20.744987015191775  55.29669698074892  46.98176190979339  
-563.2831129318794  -0.9768962536344645  666.314684804964  17.299405324303237  12.332480858499848  55.616041312838206  48.928072117460104  
-563.2462329022891  -6.7222290892765475  674.066769970241  19.41327433515294  13.916035220351322  54.626950644195745  50.86850261068781  
-563.2204914313271  -4.059017855689789  670.1242926349922  16.289746327065455  16.569545707353356  49.6173969804421  48.41163639949499  
-563.209475890324  -3.017189291555594  697.3942320145027  17.238820696748412  22.758313124935817  55.51118959816327  52.21444857317351  
-563.2030145788056  -1.6194697802866198  671.701550825105  18.519861610189267  15.745288844384346  56.829851570173616  46.942146175160126  
-563.1927874173281  -3.4021501357404986  658.0167169224218  17.941201258976484  14.456667758683833  51.471191755381874  49.27458484085674  
-563.1035221590819  0.6317185369472327  686.060199553076  17.841741080815765  24.403953952681846  52.287866287648775  53.22501838233276  
-562.9295557763643  -1.766598532402167  685.2042430904256  19.992174164796694  13.917749059732653  57.76734973422739  49.55296065436549  
-562.849594653214  -1.9786614715198496  682.4072626379793  17.12093191042952  23.150976660615456  47.968426242688864  45.62125952255679  
-562.8430765928659  0.9250328320455665  675.8502817132779  19.18160208993308  21.649262440982874  48.12915701130399  49.02627185663419  
-562.8199057783376  -2.1409199627860334  671.6279225090192  16.181788545557794  10.242328347708863  53.7828942059702  49.5704827370841  
-562.8179962024645  0.951551819905303  677.6414175487414  19.797887938933236  22.559014222785052  53.387774447368635  46.35303126857384  
-562.7836375099866  -4.2456987865100775  697.5977951193726  17.527787825600953  18.70937227794763  53.33195830638691  47.68922022394554  
-562.7543855065925  -1.0334394528587243  674.5113554763269  17.83902662102315  11.226252314664317  56.38902673787953  47.774521848526796  
-562.7118653966023  -0.7465106141655262  674.4861066448933  19.743909618637808  16.023816493895307  47.272065723157866  51.44633810307042  
-562.6699000205281  -1.8388600419018513  695.275373213092  16.87572700116013  13.191389319629629  50.69825903804501  46.93134752444101  
-562.6382996484397  -1.2774163447608906  692.8974809300624  17.521819266297236  20.160728383613918  47.47794309960204  51.98664070011886  
-562.6191514903564  -6.260087355021337  677.3774945895316  18.62252178185743  19.428939266741924  51.76182951454076  54.12277408591321  
-562.6023847516998  -5.096879873167708  684.7791425326305  16.857562876407993  18.74045430254009  49.53744650365836  47.80984393238023  
-562.5947137091161  -1.4523320693694757  693.0614918275677  18.700989373654444  23.74774769608948  54.89870457998015  46.34872874515746  
-562.5708683516898  -4.455296614006135  682.2470319693675  21.109273737843274  13.031249406932403  54.91025118946499  48.814761746481835  
-562.567841770485  -3.926536185521792  671.331774535311  16.462172546681618  21.920330069413815  53.47979367747282  50.53887755688251  
-562.4579195773834  -1.6795046705598686  662.7711476813506  18.98522571167278  17.355373074836102  53.52117798618897  47.095913982388375  
-562.4576918629704  -4.506182274981468  684.2180279045747  16.46411381047897  20.013002687631435  53.43521222702055  51.52077959596948  
-562.4529811843314  -4.008589506750226  693.7574068256097  16.42728355870957  23.61992564023553  50.41106267807209  51.73166837497204  
-562.3727673501762  -2.442396239900262  663.3543047963907  17.00167343613815  24.27802551071644  53.19256867871844  49.085977388219526  
-562.3575634441428  -1.6862462359169186  694.7557950081272  18.068573444771097  24.69546951424033  55.7671446204068  51.218622116584754  
-562.345174027014  -3.6899061668610713  671.0887298909159  20.668894816569704  18.782229607527754  48.342518176366525  49.34940264442952  
-562.3438925217323  -5.171562875585073  695.251528263899  17.21038995263566  23.49639039121699  49.396180205742795  49.809731045929404  
-562.3137551313648  -5.339709787998531  668.4933825085795  18.171969534011613  11.634138948822937  51.28024739154769  52.556163550084534  
-562.2938351176379  0.7367519687304647  688.0148427156128  17.23318879076509  17.96343766191844  51.27859064406337  49.42189830033894  
-562.2894835178984  -2.1120228801847194  693.176056322529  18.057925515298543  18.96054624911349  53.96365656739686  54.47657186766892  
-562.2655207320934  -4.873759746516071  669.76465303449  20.00185271058011  22.356300484175442  52.47977037971611  53.51041728316497  
-562.2223518855833  -1.9220334939971124  698.7821189907752  19.795589930250387  16.63062920490416  49.09918655281546  47.375572776922304  
-562.2216797736587  0.4340082696015344  680.5059846712834  20.9648735133959  16.680539422190012  50.91252614748487  49.293573337875834  
-562.2116562734302  -3.2814301807857316  690.5377045028258  16.32571949587357  23.768849549836652  50.605222780641135  51.882543603706154  
-562.1965763927835  -3.201888081416894  696.6745932192274  19.332821317873883  18.184925639850142  51.708989186434124  54.72858674645669  
-562.175259840754  -2.3475712559475292  679.2484467268633  19.932331441347976  13.99458346298311  57.29155245293628  50.313129122304034  
-562.14928035285  -1.3752422201350427  677.5783370552683  17.127454579874687  11.833929271669806  55.05972897507279  52.565552161224815  
-562.1224762774252  -0.8997558910717061  687.1958913459503  16.602048985543284  18.183747356470036  48.9968107387401  49.84314272676075  
-562.1177012691811  -3.2183603281575435  681.1174173265525  21.332583317405714  15.246332416990612  53.96695530411757  48.20441945113134  
-562.097244221732  -0.5432452096686387  670.1161006414519  16.92871138906972  14.49394828969104  51.29005581018009  50.19577233558007  
-562.0560428752046  -2.3068033746803103  674.7355405313467  19.089964487095305  11.591574004612303  47.3152451929597  51.83950897463317  
-562.0393229629162  -4.242225871554547  686.3909674219799  19.746429701908795  15.38153685861138  48.23810852966747  53.751423568496215  
-562.0163004585336  -1.3043275867061528  668.8778346876603  20.53969676563714  20.929994530627734  51.09438938975814  51.730218833921995  
-562.0091299442341  -0.8460596166119192  677.409731237976  21.22437411940345  16.26323093652443  50.859479342294755  48.144214827441395  
-561.9964827209878  0.20315924049285528  676.8563485013451  18.266300666063835  20.228990549492707  54.45174810892512  47.63248635469418  
-561.9938338864333  -4.720073033015073  684.5445157806316  18.131317445968662  20.597020180017324  50.90371819960607  54.8157227185246  
-561.9847862116762  -1.485863185998312  677.3624270888852  18.910561707958948  12.014601446829534  50.44824459618063  44.83019680882757  
-561.9543544169193  -5.76394878075935  670.4149375564431  18.505376096953892  20.892811449889507  51.459337985023666  49.80169179827269  
-561.9542303320891  -3.2560176452639755  695.6077596402538  19.97196977059255  13.11669721256397  50.88027429183954  53.34384011083725  
-561.9452107819973  -1.5407429880549568  695.6036930284452  17.52288701437561  22.841627054120508  53.3522035863482  47.409283466442204  
-561.942463961775  -2.87795974141061  683.1154228753471  20.88107171996256  11.774183472800008  51.99576026412267  54.284220156607084  
-561.9411514165482  0.7159416779610481  683.4535382559982  18.64846770502505  20.881880893021194  49.91096298968547  51.19414676554673  
-561.9393429679568  -1.4946878025836767  689.4645261100937  16.38923755831894  24.633345180364977  50.54535617115401  49.252704115152284  
-561.9270792596357  -1.1660135495185937  693.6463950496186  18.282171964206206  13.087282243024903  54.25701911369588  48.05865233499303  
-561.9205942119496  -3.953571454895001  663.6126519419951  18.774315003231344  19.591170900882776  52.37694180770363  48.30884832382389  
-561.9032029840661  0.29796506004165835  692.3103124170171  17.828387878929757  20.209563755641863  53.19557059238802  49.1590712129542  
-561.8806453135334  -1.5266642528790495  685.0881224799657  20.91322726898676  12.993673141111955  50.40706895548077  46.96785687747152  
-561.8683212427422  -3.419198382803743  699.5702194945428  17.289545462746442  23.55197704916209  51.565671709343924  52.266419136158675  
-561.8081765863521  0.049617450718255185  690.7572276902528  18.53230072667435  19.246237603084946  50.32243612582844  46.41342301867229  
-561.7894842416513  0.8886577296122375  685.8082970234086  19.094584774845167  19.42882310571563  53.28315768431516  48.511855619723406  
-561.7665731140743  -3.4604237342822985  673.5013622257286  18.331312454592414  11.928494595368237  47.915114954409475  47.69915060832852  
-561.7523816825529  -0.7745795850185839  682.6811410358124  19.138429766020096  16.947995957120945  48.13749893683283  52.22716008934388  
-561.7500199611062  -1.4702029768935123  671.8131362925205  17.339760411110923  22.64359105998504  48.47918433880919  49.13494435055098  
-561.7347895094517  -0.294026743460563  668.0109769398376  18.98515152569059  13.322300120712551  53.20301776765778  51.11764865557647  
-561.7066854973441  -3.661687004072145  697.5922220788764  19.997090253553267  14.775060229410755  50.663760322971946  49.69444615744419  
-561.6711075508188  -3.805080354188995  688.1311041717581  20.186566915860077  15.64982995270218  49.08154285756473  53.30849764849959  
-561.6388933304726  -2.413416581722129  674.6473872148493  19.96712692916396  10.810502665051034  55.789780191392694  52.592111922694485  
-561.6320719144551  -2.4439722103459447  690.3872766762822  16.452370271974054  14.335901923682904  52.09112907328773  50.78608244335272  
-561.618103597801  -0.406989403937418  682.6190806044299  20.314719548175468  19.70209317583093  54.424460548183234  51.2553445435322  
-561.6136083992093  -1.6943306009257206  680.6635915989182  18.06320514169603  23.458439256032378  47.333924565131476  47.595652964355054  
-561.5852697967944  -3.1530387005100735  664.8840890318182  19.103515022592283  21.46617860207263  49.58909707842251  50.94340495236871  
-561.5838292607405  -0.6453632185042721  690.6114783798564  20.220450363999234  22.08830453799481  50.306097055082496  51.58770114540215  
-561.5586702153176  -3.080475374273788  679.6353710394948  21.169511495028793  20.677044142413376  52.929122287671376  51.53348766181216  
-561.5440369721982  -1.0227851139759387  678.3864663677356  18.17384171357783  11.296190102940766  55.73284003390434  48.81281209104067  
-561.4775689008786  -1.8409313824947162  676.7457701572722  20.227356692447735  18.90927491404089  55.05616497545134  48.500163635536495  
-561.472539419005  -5.098877775805149  682.0266526663171  20.25977788433221  12.56214008863444  49.683404863625256  49.76172926141249  
-561.4485399114803  -1.73028647929576  683.1528479107435  18.924664233998406  18.568973413137225  46.832456120265135  49.60111792309054  
-561.4353096788068  -1.6642170879780291  689.0204855564963  19.67065984617456  19.703253343617547  47.80471179072497  51.21624901238845  
-561.4247074813442  0.12498553075448271  688.491052075606  17.77137555771959  13.524608841304113  50.6081240006493  50.23939153489574  
-561.4036486567223  -0.9030046524761488  677.3518888716181  17.275514820866675  20.22604802237509  53.96825259455634  48.8514633086522  
-561.4034423488175  -2.026657308688467  680.6866669129929  21.211010252267297  19.161731518338385  51.100376870054006  49.91967562659776  
-561.3874108952998  -5.115590357015804  688.6597030663437  19.59195701216233  11.067851361940091  49.67068811529179  50.3819659779632  
-561.3811715533363  -2.0573279729330887  683.7268816089561  20.8508894982355  12.775260662475835  52.9382880931919  52.6702119365412  
-561.3456324450035  -1.0405093365051368  690.1883885426312  19.71431151143439  11.515724529364917  49.5630848799293  48.14752380072264  
-561.3449672338028  -2.5467211316277796  679.4457721068499  16.712823903659682  19.229367674567435  49.56296845779445  51.31255159641848  
-561.3388598374294  -3.494819453458584  690.943675163795  19.00109074464712  22.633935685658493  47.23695940679541  49.82481274651951  
-561.3196104378349  -2.376855832940759  678.945425916498  18.350737117074523  16.431564025623842  55.13957318591073  47.54849184051601  
-561.3109504469687  -0.2661057376896281  689.9623112800003  17.83591322295953  14.590788013525321  53.414825845131446  49.78983195820918  
-561.3101227429261  0.07774934206062056  689.6683719920694  18.226887010711977  16.622083455512232  52.20871291957111  51.356860195765144  
-561.277927994518  -2.2898882480961538  680.3032576214193  16.664173787066062  10.750204811441522  49.679910480318426  49.15806412467809  
-561.2739071385068  -2.0289825685371703  686.5699431292828  20.545533112559397  16.42909877276975  48.7164226196338  49.59359051682861  
-561.2726675599267  -3.0596939426524683  686.1869813570303  20.651751814891306  17.70497065308757  54.06255372834317  51.801721299876256  
-561.2626312081119  -2.886313341696251  687.0196127330048  20.035794288922943  12.211911266767151  53.97114050569359  48.07694128167742  
-561.2620805197598  -2.0043605390912855  694.5141267394836  18.721692169927223  18.966772179694864  47.77996311640335  49.674311212824406  
-561.2512947760101  -1.3481744181891404  674.0403680363045  19.16785354510319  15.317217147295125  48.268058226710224  49.46420843226174  
-561.2272837931299  -4.132400770369404  698.7103282948467  19.1409844048936  21.520347792934878  51.70578917809202  50.149143793908266  
-561.2224862291014  -3.002338676308134  676.6785019711255  16.987693779053796  24.001444510024502  53.20696189443399  51.33814784785579  
-561.2195018606773  -2.714810719972366  695.3970228768811  19.231668251252685  13.236955336071002  52.47544725528841  48.678173733405956  
-561.2136609061253  -2.053912609895847  675.8863393308277  20.695411499917338  19.92415886170788  50.2595862918112  49.12078338719426  
-561.2046686242129  -0.3714706178858087  681.4468603276256  20.34438333031646  15.013093685594352  50.32791514716676  49.77777528200777  
-561.2015410335275  -3.5059968188049613  692.9258341585967  19.024300359922997  21.595697731055132  54.592380398074184  51.285069841202876  
-561.1945153412322  -1.1976895749334862  683.8039466584332  17.19099913000185  18.143096798031237  51.97455785282582  52.424189149282  
-561.1896484422649  -0.45027540611420136  672.7979666391055  18.312138783824594  10.603254568562576  52.261223442066544  51.70729094759652  
-561.1786396388811  -2.615357859590233  694.5881399454757  19.782458071200733  20.780628465793715  50.55709422686048  47.47327328046397  
-561.1785476196054  -3.6442123561177038  671.3982739896782  19.870004900454635  13.826743095098308  51.371783603752924  48.14917194552165  
-561.1771390443218  -4.906347876562953  680.8655554034974  19.24290784530904  19.161872526229583  52.09452011528401  53.61192486853297  
-561.150867059506  -4.2587001424987765  673.7542208201914  19.567876362914394  18.98946855758376  49.39222171263445  51.64979405139785  
-561.1422368155362  -0.37742552623135595  688.7868446061838  19.499821713803236  19.901336646265285  53.386618223167034  51.35640982446295  
-561.132841582972  -0.39199462845818545  679.7922052464284  18.8880500664671  21.14628569334495  53.38597810047908  52.21351476279081  
-561.1114937193396  -2.740162046752472  689.1974886822055  18.39802042296701  14.433194151475497  48.461394906361754  52.504074350748084  
-561.0967762863905  -3.851955654060908  695.6052723298122  17.864614291405676  16.198512658666317  49.52145612418093  50.47467706999291  
-561.0857369159312  -3.290175658333867  673.5939628559593  19.950481883541013  10.387358176791503  49.53803935948299  49.870721788059655  
-561.0710998912251  0.11855404974420836  686.7938668748955  18.996215877728485  20.150039029179787  49.98321548694309  49.74013663619487  
-561.0353824746913  -1.7572952130740802  688.6977800850523  20.25487263761068  14.450321697652935  50.643701890223596  52.083760555964936  
-561.0282483219569  -2.0260559516275585  686.4430332249285  19.711982160367718  14.728991796554425  53.759017840541645  47.43139067305261  
-561.0267963208723  -2.626307754900216  678.0769520332171  20.45373325083286  20.758288498533908  53.0653482369958  52.19429777017551  
-561.0167438584365  -2.745769407269605  686.0790183978063  20.159301875823033  15.648551248775954  51.75282763864874  53.49337007948684  
-560.9811515966928  -1.440496728773022  675.6819534979599  20.02249185029747  24.07835489777298  53.37108880113642  49.19538657813067  
-560.9772893130003  -2.4753205416817545  680.936853920929  17.272351085196156  16.137996758841627  54.44701818976719  49.36813610708551  
-560.9772298861658  -4.412109879201554  690.9072897535812  19.52319849903995  16.84701219418261  50.73195591627507  52.60102631232129  
-560.9751190704446  -2.4601533180726083  682.6489079106739  20.58947395046994  23.64943644263844  52.8391877032575  50.75203022263663  
-560.9717960370089  -3.7882158747922654  679.043883667063  19.91095559585652  10.930998077811422  54.788678843245386  50.39106791148659  
-560.9662261805717  -2.490279104335027  677.5545204681757  18.768452647340684  11.735097615051588  51.54564763007271  46.15980370799069  
-560.9651989477145  -2.168838020306328  667.6502228197534  18.10749417864636  19.56915207593088  49.99713449058787  49.795577497757655  
-560.9616781950057  -2.9034055316057126  687.2342877040113  18.4446511035275  14.062292717728122  47.774639629247886  48.410185667762505  
-560.9323122110117  -4.093681499899612  675.4032064235815  17.977962151744062  18.772780685672743  54.252727572929274  50.68187763538458  
-560.924879525601  -3.518549350480069  683.9583402941549  18.490520622361345  18.061536550048164  53.02842571957582  54.0591946945242  
-560.9229177374397  -4.4401989702633475  688.2448220925321  18.269652469861363  15.69173566122221  50.25360532983071  47.88365877816347  
-560.9195838263059  -4.428903803019825  675.8954765647546  17.784519605811226  17.110604349642184  53.378959464459854  51.794048644765724  
-560.9071122845245  -2.8453372032372553  684.135001080227  20.24987961800852  20.56314237283946  49.22102120335275  51.324039639856906  
-560.8945978424059  -2.9345517272199046  684.7121821738436  18.043848301784596  19.229102495733308  49.31262303500725  46.722838954023715  
-560.8874635762663  -1.7624954022325454  669.562992482256  19.676514453612157  19.576618314325362  51.35882306919401  50.70135467845672  
-560.8815319949723  -2.015678027270943  676.2711226185083  19.879416648166035  16.066679941916316  50.49962117287732  47.198103109690685  
-560.8748057142056  -3.1044624401812086  689.3323856587765  18.525703940249933  24.010697827400506  50.667052679335356  53.35717462496737  
-560.8676962212661  -2.94032553864149  680.0414546331588  18.84561610479098  17.485741950184504  47.84360959048384  48.23389580712835  
-560.867144355458  -3.315986838426994  683.0908594696517  20.436375252445693  14.370119476865778  53.027550246504006  48.80669311043513  
-560.8608250243516  -2.089742964891288  686.0490101947905  20.241946247361412  12.657256387020439  52.06500919297186  47.9611827198221  
-560.8554191092644  -2.8213403004410162  693.2988857796428  19.600507582900878  17.919902314318996  48.93435062953064  50.11767806257676  
-560.8378862385232  -1.477704058057478  671.9905783363715  19.51195315098339  14.069907630141584  50.13301535128892  50.09270042284557  
-560.820689185536  -0.752693501274825  671.9731580435838  18.86591493693529  16.76987319608118  52.878434336679526  51.125700518632456  
-560.809942953171  -1.049402458887096  691.8010686391762  19.03278037798523  21.89957866090569  49.605996045492816  48.237059411745065  
-560.8042330055094  -0.5241694100766168  683.0059386138009  19.231634561073122  12.892247372602371  54.041179492944124  48.89584894899455  
-560.7945471589584  -1.2946578218208558  696.3383767361466  18.754833785747696  23.064676515044326  51.12961674082425  50.60682882020053  
-560.7785224671208  -1.369982269049835  685.4888748824375  18.052119076530673  17.234720631495108  54.66678055065669  49.65849535977179  
-560.7644340617092  -3.2878045883911087  678.9708133593721  20.038939617443113  18.402068185950093  53.79787775300289  52.15726343547852  
-560.7470247463494  -0.5266942073203715  686.4178587043843  18.102732049100705  14.05251906449094  53.51338319567816  49.66324642167139  
-560.7304638593452  -3.715809699163552  678.5445873564997  19.124048777235892  14.924020345600539  53.84849229857872  48.15551083540333  
-560.7282197338523  -4.066796875059257  684.0968749876246  18.732408928235436  10.310513044102473  51.69502326004515  47.74436984156833  
-560.726839780496  -1.3407600098700119  683.9642771187418  17.356192955280417  11.30437289605748  49.73038032399725  49.94099809770672  
-560.7180929913794  -1.7844194649685203  674.836278934803  18.32450238431431  12.578997631130026  54.2003879224106  48.29033096863809  
-560.7138635332061  -0.6728928704677823  688.2339885750897  17.808136514548657  23.8127180025468  50.95837385424724  49.15990790382499  
-560.7132642592504  -2.2824621771917872  672.2188394187557  19.760871271750595  15.976254414668363  52.18643481542651  48.27194348057927  
-560.7089147175059  -0.29273802731735543  688.6157894266474  18.261558850843155  15.029643484337058  52.02945423282864  49.21018432844829  
-560.6976483450625  -4.978490136452844  684.3850839951076  19.45792145364672  17.87399807430651  52.440945657033545  50.89056146342635  
-560.6923669506847  -3.3439998968274685  681.0715565850472  18.496386654811175  23.678925315484868  54.361350948311966  51.63825415627913  
-560.6651923920027  -2.750958378578394  685.272052494013  17.415235075829894  14.041650604180054  51.66739749929447  47.57502323512583  
-560.6590696051231  -2.560635237501339  693.1384122521192  19.796283028818635  16.71383218421276  50.66188212867517  49.354699986616964  
-560.6390268850186  -1.4060435143366554  676.1753124685603  19.832441230062933  19.266444498170596  53.49049729488005  49.305666400704034  
-560.6378708582606  -2.897537024913337  676.0011947660605  19.357754136167706  18.284337491619834  54.4264336414564  51.901512360552374  
-560.633251767532  -1.4919574468395354  690.3781291682423  19.48634924312176  12.478884189238824  50.215147160509765  49.78799792942355  
-560.6329412026292  -1.543118850757958  685.7019672672541  17.782959975851384  14.397612650232066  53.8134532925709  48.76706579331808  
-560.6269534834569  -1.4643365008003233  678.0164223554647  18.1544241093507  19.269985645172277  53.47926017525348  47.81272283575211  
-560.6058797220409  -2.4410512157228013  690.2947246955354  17.952561449236107  16.648919276659157  50.269086981850236  47.477170682916864  
-560.5990297132287  -2.7983952108948005  680.0993489564809  17.385404808217885  23.997285663168782  53.058822445813725  51.05024849165575  
-560.5982687497622  -3.7201203640580047  680.0182022134229  20.312318724586788  15.386865937765602  52.49332531941746  51.212926857648945  
-560.5955445114175  -0.22150985523550482  680.6122751357681  18.962780141106062  18.303306978413012  51.435112813448  50.758656173356336  
-560.5945819309842  -1.926875100831646  692.7822422569865  18.89923728077619  14.987530949958167  49.606559363706694  50.70476932890758  
-560.5917659204691  -2.0974488688044657  674.5784901345193  20.111404976019205  11.072935220058095  51.828922441040085  49.81767155712381  
-560.5822765644813  -3.4597823085915866  685.4479295928236  17.149642633581724  23.32268135288848  51.53855514734708  49.946848762852426  
-560.5774176173215  -1.7385617361198253  682.1905964398568  19.857235226519997  18.121642486445975  49.37701981176372  48.625950735409866  
-560.5744086514957  -2.517403357060336  684.8925297779974  18.273806051163405  11.476896861799952  54.53216742335198  49.374946931115026  
-560.5650183706006  -1.9323385695408284  688.5803070961384  19.791326184276322  16.800054199106846  51.825783079942624  47.95190345962259  
-560.5545547861972  -1.8252866190979695  680.981128501899  18.295602414960467  11.429950378686057  52.99547936609669  47.295697524303606  
-560.554403230315  -2.1789666680384805  689.6451045071888  18.533865283870682  12.380985275035995  49.38069854780596  48.40600680915338  
-560.5531285709349  -4.273276973943936  679.0525992973073  18.075483895339374  13.658884270296344  53.787064372949324  51.12335938690141  
-560.5525881868384  -3.0367967366412616  686.738214986883  18.957665801754413  18.469212019057895  53.83347162028508  48.3463415694061  
-560.5489698897927  -2.3583192402875834  683.9260476732449  19.823775332573106  11.951349730396396  50.952073744442416  47.718192934544106  
-560.5453134981458  -3.159371444580642  684.9139722123404  17.74234168268092  16.641279558962776  48.497765842729564  50.216682360513786  
-560.5425697125125  -2.2030794946698453  687.1439790786601  19.656698008230116  20.959095651014024  53.31250830705378  51.938488674183546  
-560.5286658187397  -4.6490672491076355  681.6469918302196  17.693511382337107  12.687855016163592  51.4365108008588  50.198048490117095  
-560.5271895864203  -3.408108463631116  686.2549140113481  19.180196173937937  13.196860905942668  54.10372856410375  52.0571464604195  
-560.5205735621614  -1.027673412351195  692.4823686297424  18.990969255523993  17.610890269879924  51.90549311863453  50.21264841689154  
-560.5181286134235  -1.0738012522601466  676.25594223944  19.1243444469422  17.240629540173988  52.25864710841312  51.95341843104119  
-560.5148216677844  -3.454106287116221  684.7509390205263  19.083254587303735  16.96205467225068  53.246367552348545  53.168192675897146  
-560.5131224945287  -1.7581493484468957  670.4936011728566  18.629945873244058  15.770992560808345  53.28235469224352  50.23769820027893  
-560.506833989376  -1.524804387154754  682.5957646510342  19.557466458728268  17.335744846910963  49.06950008178839  50.11645114323502  
-560.5054766394121  -2.2596407917061567  674.4600277810782  19.429785035997995  23.105748179084976  49.99569394044082  48.84963399697286  
-560.5002169855137  -3.1725495156385985  675.1147024215531  19.519755085642963  14.779983875505675  53.38602184560396  52.23587357615181  
-560.494466170678  -2.1357905695490462  673.2883137146252  18.29240947381947  16.21510568805574  49.8592059664251  48.26040842970838  
-560.4703835869009  -1.6397705880654936  675.0880370215964  18.173790445018  19.020419208857216  50.11766184258223  51.34032225817021  
-560.469073438866  -4.65580846743817  681.0657207271342  18.233190528664082  22.693026708746608  50.725227485484474  50.3590734770096  
-560.4664207821628  -1.9683260283224353  680.4979131428365  17.930286051917122  22.52111282912312  53.20202587875245  51.92854763378869  
-560.4567619325495  -2.1539404320045863  681.078835818724  17.995025563639672  17.627711552755947  51.996602983820395  47.05657867660069  
-560.4485557793888  -3.9546156754780712  684.5888527178942  18.745478497349758  22.213009441517777  50.49293604087661  52.509586999987214  
-560.4276337084702  -2.2428668566418093  687.2225552126868  19.42405338019062  19.156301511759715  54.01864037576034  49.69434387593598  
-560.4269833483373  -1.6371802505420323  676.8821640373486  18.736313786529998  12.059095298995906  52.7958751599217  47.57188322079934  
-560.4193555825049  -2.4658425104758273  681.4423144844844  19.60929078976521  24.00000064925175  49.45316532795464  50.21571207419852  
-560.4158133542504  -2.8682802770106273  684.6209040593085  20.324080769024214  17.031714165837887  51.80435225007338  50.722073170116055  
-560.4129686579595  -1.994832889338138  674.312542054439  17.80939452447346  24.85589042093094  52.299019555941776  49.462508058606446  
-560.4096336427968  -4.123889325791116  687.9301629439433  18.680257135435063  12.807887197340191  50.19117896889207  49.16624427059044  
-560.3983462467262  -2.2665014663226284  681.1426946279138  19.048119449066668  12.377125979335917  53.75305901582381  52.78481156303258  
-560.3966577100094  -1.9883271252594614  676.5566740789152  17.953831433586043  22.2393366154567  51.12044312495823  47.76606371467696  
-560.3939709091546  -0.9114218137862782  686.688995840574  18.005142172106147  15.966055203458712  50.428414605961265  48.612393245506745  
-560.3838151873108  -2.355208522539863  677.7740689766657  19.07607779539284  15.988632286735044  52.62537469132259  47.38667941051805  
-560.3776005354105  -2.2198242908381154  680.6751624646753  19.83403756645886  22.77074756219846  50.16470993411376  50.446228345145485  
-560.3769960406539  -2.9474108861609576  676.5580776977919  17.5609241507302  24.906145420145414  50.86604836178675  50.65819054878219  
-560.3618101092962  -3.383859004802857  682.7699578025084  18.725961703026577  18.485105875911092  53.216409276630394  48.126394318180985  
-560.3524856618305  -2.2243490440806726  677.3001034645696  19.10930557239158  14.50993948629942  50.26574529000543  52.16889994903336  
-560.3499376724077  -3.4704718154681284  674.9596345238839  19.61761550468951  15.713749096125271  51.980864223273215  49.12033301006303  
-560.3408778637344  -0.9157932775181941  678.0328235991709  19.000225417410707  19.695383062608386  50.59349114434726  48.5924300769432  
-560.3240005029736  -3.383720509618991  681.4358088270832  19.21666209696307  12.593031824746998  49.52066880339653  48.547198279637016  
-560.3129671121596  -2.6060150837045537  687.647461812831  17.86165273811691  19.43381318005227  53.50053531839869  51.10838372284192  
-560.2989719880438  -3.5198423865170545  681.3578209161047  19.004320376392652  20.107557081367226  49.25217511023608  48.73884788606229  
-560.2986416911831  -3.0980173294696645  692.4978025991037  18.226869220092148  19.494294067499865  52.38836266624329  49.44249179252517  
-560.2985592739865  -3.7531294213599473  686.0026425309094  18.154772527663788  24.83988073732904  49.79246227606107  50.38080118335562  
-560.297993064495  -3.243812526128716  675.151002237289  18.703967918918625  22.14137579317109  50.77963622289995  48.305680418018866  
-560.2971888447403  -2.9522683926094926  680.6136477628436  18.01258351989363  24.21156081145358  49.55053874570288  48.72368797942087  
-560.2949991137069  -1.945648178579507  682.4418376123386  19.840736978144555  21.219184418051906  51.63016726228468  48.622164567102814  
-560.292611337751  -1.583402663541058  685.4812533590391  18.11005437088554  13.276455024282177  51.81596227842762  52.21378300818482  
-560.2858620960335  -3.027809685279216  683.8456714798164  19.31427496167042  19.03864685241396  51.79823512331946  52.84400836152062  
-560.284321988215  -4.746200721561047  681.7892983685294  18.692309930133106  13.993499448211171  51.94289520373436  51.09805254626421  
-560.2796373650993  -4.405996884908962  682.9569659062377  18.26093002639574  18.952893008413216  52.67468590701114  50.57551860501189  
-560.2675670450901  -4.18589213277675  688.0925709635098  18.032474349345215  15.839800089708426  52.00177226674448  50.30265798832061  
-560.2669588553252  -2.6952068410121353  681.5965123932057  18.19955023177386  20.71943255245913  54.026449272254794  49.74022450881281  
-560.2572919989142  -4.102216200552109  687.1333574768236  19.06296724875725  13.695615488407952  52.33873657074097  49.79026541961764  
-560.2526300046975  -1.8171496304491424  691.353674454296  18.17652105143425  16.561972664258718  50.09788747362307  49.46614080555567  
-560.2500460918596  -1.6386010101014676  675.1251919399933  18.381508759767975  24.437586021472775  51.4313174481985  48.889938347447156  
-560.2495491102707  -1.63180055513231  678.0232238613377  19.664124095590644  16.73133745244376  52.629768099715875  48.81354969949171  
-560.2493868661036  -3.650192921613005  691.9010615790303  18.54462653453314  22.709232508860143  50.55326096279119  50.345510791316144  
-560.2440900784618  -3.3379686307675582  673.9898236860203  18.009624987395068  17.862182340649877  50.5525314418599  49.21294334730402  
-560.2439980424815  -3.7141935386261853  682.4798853633265  19.112831723812462  16.812350530219053  51.41649377088048  52.76813095455462  
-560.2346560326761  -2.20963813275619  683.7229310317107  18.675661969711577  23.78531900477817  53.36693880359325  51.40403975958044  
-560.2328637882462  -2.1085689890246586  676.1888388062393  17.468244368061658  14.799437090953099  52.52697634503132  50.60145106678594  
-560.230302377296  -1.0917290315427444  681.2905457569796  19.033120330676795  14.227459847541827  53.134416277446725  51.41993651426413  
-560.2257657317845  -1.8202546362600263  689.4563046413549  19.122153024757605  19.791085381181006  49.898430579222975  50.59156391409083  
-560.2175157145381  -3.8104387021469757  684.7091022889814  17.80336094356492  13.879529458494314  51.11378533475611  48.879796748146035  
-560.2157642454996  -4.269587928854196  679.0587952655693  18.564173753672932  13.56666805677301  53.014940900858676  50.161901253027466  
-560.2147219491862  -1.7065811505591704  676.1521458785253  18.078848273814963  18.724304205675274  53.136586219333175  49.084271123920594  
-560.2133004525947  -2.4765322329248125  689.8942639488798  17.90412656389033  21.235900103410504  51.631662362058556  51.58474680988038  
-560.2082243444008  -3.1693049349321267  682.4169339616427  17.872027785473435  14.768049948045654  51.62357668457412  47.931701405821926  
-560.1983501371196  -3.0141777835361  674.0321100848516  17.82075719672567  16.859615990867376  50.50860671796987  50.08884187272965  
-560.1943143514441  -2.6756190762339047  675.3452044110712  17.927548662809205  23.354507205640505  51.648780318507555  51.13348374961353  
-560.1880097914296  -1.6850079985132957  681.5149362633101  18.363933245974433  11.404135141265794  51.90885142421066  47.741921087338476  
-560.1677791448378  -2.728853110607763  686.4778753639047  18.187494774904632  24.721491742927867  52.91599453219983  50.66836288550369  
-560.1668271599881  -1.7049252575424187  686.8472048033628  19.008931108488728  23.76100578510595  51.871063088680856  51.183607424128816  
-560.1593651970741  -2.8111230369778024  675.3683794664288  17.681201898548284  12.508526875264886  52.727218769264134  50.68875314717258  
-560.1570612359461  -1.40030018864827  674.2293470428176  18.594830482664392  18.543581727859298  52.334368912001715  49.33554223900097  
-560.156613756188  -2.4965351396392377  681.0840813668981  18.5952642962174  16.573073822819453  53.910724185517246  51.93119876508914  
-560.1554496851396  -3.9665714115720743  677.4124831159055  18.306590271151414  14.942109711498292  51.969826843585665  49.03592341260064  
-560.1542244772594  -1.5745031295107577  675.1454824616206  18.385215883928915  13.249160938246554  52.81887581397842  48.91149959228235  
-560.1520474767775  -1.4135649963543742  690.4105934951848  18.633592967955614  16.82748428804333  51.88253974714989  50.5684641212299  
-560.1431547563286  -4.092714009070875  679.7081233215604  18.387394826327608  19.778941019668697  51.444535612213386  49.10039582371087  
-560.1428366301766  -2.2991818505846453  676.6517674682772  18.5740237469142  20.119442879700188  49.56060726927191  49.13941541645154  
-560.1363682293543  -2.922011527475531  683.4652488328818  18.9656299040407  22.585741492921798  50.07232370285858  48.27182143882108  
-560.134137019705  -1.6600715899133807  681.6865697337979  17.929704851660887  13.681055930622914  50.71300800214374  48.11748433342122  
-560.1339546094692  -1.557956283145863  689.789563584853  18.389016652057933  23.372390935257265  51.53661435863863  49.58642516944429  
-560.1179650025491  -2.450452093648531  679.86191745835  18.60978996512604  23.012490675984466  51.29144633904763  52.04647612396341  
-560.1173155875454  -2.9110078467206773  686.7714473900247  17.893533732926606  18.15446003136561  51.40635971019812  52.10266051327039  
-560.1141164746272  -3.0888498324418014  685.3339470141258  19.296168719562374  10.991254448610771  51.6575328343548  48.884641542047994  
-560.1075530282827  -2.3863881945031853  688.116741136186  17.653939971886572  21.78271319408529  50.51918802932991  50.090313917113946  
-560.1063621026831  -2.4725384299064608  675.931113253272  18.49841900902784  21.216707235247405  49.786064911823644  50.01142224361602  
-560.1059351141437  -3.750650197196471  680.0739683106244  18.344238969976303  17.27065833913574  49.5336000858415  50.40501676613966  
-560.1051525132035  -1.4988554388091195  687.3577957777217  18.41362892668962  17.367398057223852  50.18362504087053  50.831992161598116  
-560.1014425758539  -1.9668822973599092  687.6993174664724  19.466574745689122  14.317801330617087  51.0621673414281  50.88320495410697  
-560.1008049999133  -1.6383906495381755  674.8598481177514  18.655119916153584  21.90919279253243  51.16697239710324  49.62924256197515  
-560.1001397191925  -3.9455573312753733  687.2498415107099  19.125699425864237  17.406915587080142  52.2711166079102  50.24148066065876  
-560.0991152828917  -1.1507921743647458  682.0584229791557  17.844981289933514  15.601908668566912  52.3642476565212  50.28854163027029  
-560.097599444904  -3.262593578976741  690.4173626035389  19.104346939689457  16.025216127407347  51.15666109681074  51.09366978237153  
-560.0952048746603  -2.2948247251021385  679.7902204614055  18.383184964470914  17.75316632960748  53.48220931990763  48.695058162570156  
-560.0841812549788  -3.6506724236737202  677.7948794654882  18.52939375752374  13.175176246187517  52.19469607417284  48.74142254772326  
-560.082504610796  -3.7576814350105163  675.7185920699333  18.411613491492474  12.636641951751514  52.035178099903355  49.51373052346264  
-560.0754142641841  -0.9758987456933816  681.6359045216473  18.843805459651392  15.769758355086907  52.48418161793123  50.87416516719982  
-560.0748029599193  -3.355425609568008  675.1850453499038  18.941364103317092  22.235464416746407  51.67271953670236  50.539317546453994  
-560.0741814750905  -3.562410604237492  679.2460791681135  17.946743210301307  12.2621396751113  50.32926715212379  49.37029601132831  
-560.0740792463895  -1.4151569543424767  681.164946523441  19.254534862572022  15.792713994793644  53.375633116302126  49.98459210514251  
-560.0632218127191  -3.6606273972310017  685.1066941801756  18.6921848255237  20.440124962482365  50.19146028567184  51.48228651031644  
-560.0585667852046  -2.9938922210887986  676.9016497825195  18.116322023745518  18.141375958295015  50.57355570208006  51.52461352570277  
-560.047990323714  -3.157004184602287  682.4425215441836  19.204489943314492  21.478054213951836  50.27986975310385  48.83355748456149  
-560.0431543541745  -1.2554629517462903  681.738774533492  17.773709143589606  17.623475832664106  51.527373349882815  49.74936951236427  
-560.0415440938676  -2.104448609155818  675.5783640150484  18.045823254111774  17.46168606808741  51.45619078282877  48.62160969330908  
-560.0397398816563  -2.0316721749628694  681.4071508972711  19.11411579032646  22.381345183863793  50.69243001808825  48.489920299695754  
-560.0397328818427  -2.7363300278640423  675.4297518393499  18.616682181372898  23.994669707219167  51.920991179024476  49.55472349746897  
-560.0260466316563  -1.8293536814004216  679.6580825846078  17.973190486988862  12.78489493494093  50.19342061657348  49.06554563217622  
-560.0257533742026  -3.8324287412980462  681.5852460223279  18.53069893816086  14.427924081830568  50.35020749600436  48.96827813992471  
-560.0176113497506  -2.6413028792099045  673.8613978117677  18.95966765342259  16.33514852913871  51.651966512444154  49.19523195030647  
-560.016579264698  -1.670632578045259  681.3123756836039  17.754734646864968  19.614345856219014  50.599563804848046  49.880515578950586  
-560.01519954332  -2.5253200936962834  687.3297432852185  17.844821655148955  15.568129116209857  51.53004229568557  51.574398880070646  
-560.0149847538571  -2.2418631843540373  684.5436074028826  18.294441297695446  20.954224041240074  51.19714053390315  51.90491897476529  
-559.9949791880388  -2.528223416886064  673.9731141548273  18.212612637539358  17.56305668736627  52.53290968336519  50.33219681688013  
-559.9946355216301  -2.7086786823299143  677.2462451187286  17.921829956030997  18.788626920206536  52.91785132197448  49.957648188411426  
-559.9939392735115  -2.557313356974083  680.4655051321606  18.861169288887233  23.298300353350605  52.64868231585746  49.17276185544646  
-559.9930693495185  -1.714043261035842  682.728022613767  18.797646619611037  14.659915693473314  53.69568750765426  50.18466147538921  
-559.9900254411469  -2.972902493661649  685.6036690915506  19.137763716416636  15.013890860702068  53.31855906595593  51.04640856405208  
-559.9850404398279  -1.635587381632126  681.1137936866176  19.45147458964967  16.807898730863386  52.64692231510665  49.506893716779416  
-559.9847798826556  -1.3961101697652847  683.7434525735722  18.80722157636578  16.71774376700814  51.24370801540657  51.363054511960186  
-559.9784270032608  -2.0867437112759184  683.7897236834797  19.704660502843584  15.081468236891943  51.939068675417275  50.69443418447942  
-559.9715483036019  -3.3140710014196824  682.1978400943066  18.139876644112316  12.367758422161788  52.789948711151204  49.25942150024068  
-559.9711363083425  -2.651160674841556  682.3625806773874  18.339409913399873  24.92786380145494  50.26104639347087  49.37318303701714  
-559.9699792850435  -2.849489227796589  677.029579731267  17.94575591871578  11.8060745568518  50.641141113413276  50.67349036418891  
-559.9683060709091  -1.8654796827932412  682.7734207678818  17.82715955203021  12.295704230091026  51.63027524811342  51.222006629141234  
-559.9672541152743  -1.8708956580955949  679.3362180324308  18.463777978589828  23.287678421444813  50.617051456707465  50.304350305294534  
-559.9659112703391  -2.020535645299601  678.3250331366717  19.43319663379104  15.43753055573973  52.402409290232434  49.13921248898996  
-559.9649680775287  -3.8843379308615553  680.2748906557811  18.85203772325902  14.692439878409765  52.689011826003885  49.86171591588265  
-559.9646988198602  -1.769067573527952  676.2125389669916  18.06214922060869  14.587703867744622  52.48237169863201  49.560890101781865  
-559.9643465290659  -2.0152521631832565  686.0236998190721  19.507936995853477  18.80773549317481  51.26712898706717  49.439296602477896  
-559.9623884265203  -3.063619175275867  684.6955830934714  18.534331397181237  12.663870461558197  51.652439425948636  52.27263146327901  
-559.9571059562285  -2.867213093174077  683.8776966093014  18.460931351364042  10.356752758839416  49.98271814935181  50.76183157185498  
-559.9556567908542  -3.5141764035461094  680.3637480232179  17.971877033697734  20.835695194035544  51.74725134022678  49.60715522945127  
-559.9522286360656  -1.778747503661105  679.7119862794018  19.169207022305933  19.681362299331404  52.10107438085466  51.08305199412721  
-559.947252707485  -2.748685030845568  680.5549592722491  18.091720846899047  23.731358758823088  50.83764322199492  50.846341774305905  
-559.938995645611  -1.7860532565600646  683.1450431279384  18.344236216340548  21.535509041054326  52.82424135154338  49.851039632501724  
-559.9381656601258  -1.8881144226500464  686.3282759040724  17.716424368888482  17.006606729355127  51.1171395597912  49.708906533800885  
-559.9366229551978  -1.6255980753098225  679.2667880146994  18.066555800511022  12.14160389211976  51.63988537634904  48.859747426975794  
-559.9338547960317  -2.5461347132606367  673.6002269730803  18.56702256592458  15.213834425317945  52.058229155569705  50.04065195704352  
-559.9254691024444  -2.578973679981308  686.7947787056081  18.06786038685888  22.744277809565638  52.14795707370615  50.377373121384935  
-559.919436410413  -2.8040886263712075  682.5524269076503  18.12261839934542  14.869259328031777  50.999545945142586  52.01461388336159  
-559.9187573091388  -2.4990384117932054  680.6419548159564  19.027927692829046  19.56791232530515  49.800815732448974  49.594931039478624  
-559.9147597650855  -3.271949229210839  678.6580529664305  18.707004501594014  16.45706392474171  50.89993467179929  48.6130744594241  
-559.9131786261238  -2.2760825620321334  677.1972592093778  19.065993886124026  13.716498363220062  52.132675110696646  51.526797176302274  
-559.9118759162386  -1.8691545613817357  685.2524727636079  17.714009359797032  15.42295394680606  51.56331202291043  49.585725659980085  
-559.9116358908069  -2.1845397719164428  682.1684104232606  19.25347801764446  10.042287316338316  51.15518946580782  49.365892463921824  
-559.9112061926736  -1.847147174104041  682.8819041957652  18.622799263483024  18.691382529374124  50.443574707460186  51.18961869361164  
-559.9107989543434  -2.77936753929273  677.640661352729  19.131857471158355  18.359993158403046  51.51694556767372  48.8132356261668  
-559.9094535069427  -2.7452674288928627  687.8113206744712  18.90011367778613  13.39110807295186  52.387363822481575  50.98317573510309  
-559.9032479577177  -2.1442958347429633  676.8921262652095  19.357420802326896  14.768353859823717  51.471338483818464  50.17724912003147  
-559.8882877146452  -2.6232332712609168  689.0933714077606  18.340085703963325  22.36805633100922  50.91570225105631  49.9285165524117  
-559.8834312952837  -2.530489668767241  687.7323869083378  18.44082645040065  16.181338564218525  52.635844311560334  49.418267103884155  
-559.8817734118485  -3.444325071204318  679.8087164071943  19.16878497617543  18.482713968084873  50.858315972644235  49.59715410180732  
-559.8734049211574  -3.5076817680812606  681.065456274526  18.51143482714701  20.983672977042957  50.422884862273534  50.542507910005156  
-559.872757338218  -3.710651474044109  678.0690596720119  18.48332852748827  12.12151453220548  51.724439113202195  49.91438273987734  
-559.8700944126242  -2.825778914343873  686.3964050895972  18.079380768604825  12.19014886810662  51.316108634074844  49.445524184603094  
-559.8670771301622  -2.810348437733321  679.2062222426549  19.36727056576691  17.461245403928103  50.81008730570043  50.62373770474731  
-559.860929677262  -1.885364244074335  683.5484343079274  19.009887161018327  20.68326757719404  52.26424580573677  49.26119698462159  
-559.8601255720815  -1.7713457237533952  682.5507210426382  17.937970645188486  16.0184128756289  50.72598388829826  50.506819672690156  
-559.8579802850942  -2.927202027314209  677.6217980005866  18.553612059268865  14.795828550304748  50.920152288825086  51.486040523758035  
-559.8546030521857  -2.474075579715816  676.7699427952489  18.576752308830955  21.392009801128445  51.61657152954859  49.29666115575929  
-559.8541809901918  -3.631858203760725  684.0326854336369  18.525308962919105  19.43437682016882  52.14313642395889  51.10927783218152  
-559.8432961017431  -2.2283005514938994  686.2802093712592  18.620911596806465  16.040185378556053  52.92941073323388  49.61011685222597  
-559.8383725853507  -1.8225527642483215  678.6342486417874  18.705651562985054  20.350581423615687  52.04554105661946  50.60310990677404  
-559.8381462355927  -2.7352015535232885  683.5492959932044  18.414102490301474  10.923836771056129  50.37920113486533  49.36184548350257  
-559.8373320364259  -2.4424632633784533  686.3619463030083  17.92990485883395  16.427575539419987  50.54064600432778  49.39134895827139  
-559.8248422493606  -2.5185287178228517  684.5837077744882  19.278679040447052  20.36286262236068  51.82205929165873  49.558857072719  
-559.8186511341637  -3.414608765113777  679.3445700191957  18.32423674291291  16.470089611340278  52.42918176509912  49.587855183203345  
-559.8148265036097  -2.370729743959364  680.2471820841084  18.461189270944864  16.495093226189667  50.14704931990593  48.8940021423875  
-559.8118198972603  -2.4303182821837535  682.5994628274859  19.502346661188838  16.342545859454162  51.82027808096292  49.65377890947893  
-559.8053883765654  -2.813072764152313  686.0517392478855  18.186356242043367  13.959182979577722  50.51786405511471  50.812094709220545  
-559.8029279444388  -2.088489410077994  679.4713547734852  18.829364884128225  14.453534474517276  52.25101086718251  48.7219070842946  
-559.801734243907  -3.247927876122083  680.238095180662  18.831394416847413  14.139379004472826  52.91774286169273  51.15526480490428  
-559.8011063774254  -2.1925008247489997  687.3011687017957  18.388819446343206  14.001065825594662  51.00402853721169  49.45412084630217  
-559.7898946962398  -2.3792040210564878  683.956132189183  18.31554388865689  13.713698761173909  50.86786529841862  48.68355675155636  
-559.781631321032  -2.0836076810697044  679.1652501125424  18.450075788229995  12.169665761415935  50.980259076386865  49.01443751592934  
-559.7806306119295  -2.7302038935018835  677.9825578455328  18.055654212443677  12.603033922791187  51.392955749872456  49.39590659541464  
-559.7784097237784  -1.8577664940539815  679.8561704361432  17.986373005228685  17.055450059276897  52.03318039702103  49.71812027785738  
-559.7655637531396  -1.7539469330888675  681.9915151346199  18.735183555739706  11.7826136839352  51.25109127600628  49.34908359345589  
-559.7634831728653  -2.4136959489972227  680.7880674842933  19.299256503724287  14.989773056044266  52.58071142230186  49.977496394055784  
-559.7608030584704  -3.115016689813964  682.1431743808888  18.141377142982947  12.80847590855166  50.75747103878446  50.97479511176955  
-559.7553525829791  -1.7454568542173412  679.449280404975  18.72760644149529  18.58042034212629  51.181927889117034  50.159538513472775  
-559.7543202545189  -2.1234583349871823  679.5751509027282  18.736334812816736  19.163246795695915  52.37662101295227  50.790867696662374  
-559.7534576211083  -3.0729833002573557  679.7654380517604  18.249581786107573  20.704463572070967  51.7822637805029  49.840561455607954  
-559.7342849293342  -3.5269291618031655  684.5587539019327  18.644914827343023  13.513675087616317  51.3248892153377  50.23926999477007  
-559.7208579638824  -3.149965008557225  679.451960706848  18.6289327822862  19.007919757919012  52.2623416944392  50.05053808341183  
-559.7069775539607  -3.1255575442962344  680.8973815735005  18.21490030533166  18.5752855740568  52.215297006706244  50.49162567852213  
-559.7057065342026  -2.7741998266545362  682.9262312920723  18.341279486693434  11.086528530304262  50.84210714456378  50.42698457779963  
-559.7017587129181  -2.231344128450612  682.4926804745518  19.21179490620069  13.719755716771822  51.648780219252345  49.781216127477265  
-559.6956767476422  -2.569964186037131  681.7541335910333  18.19422748612748  15.317947675133926  52.30081723449884  49.227666733038035  
-559.6875334531574  -2.0900898542233097  683.6737020697884  18.97535339987352  17.932836395122965  51.07802058675016  50.42308088308278  
-559.6739721355921  -2.7456942242830475  685.4171184404574  18.781230405773037  18.730212023045002  52.100650518968486  49.90081516068754  
-559.6646888972958  -2.6208789695205104  681.5024747045863  18.261510166351535  12.84066506106502  52.06518987372307  49.37825942668497  
-559.6543489780526  -2.070407942648921  682.3456607045692  18.76164158842853  19.687699174788992  51.5151969439013  49.89984880454623  
-559.6376811590479  -2.893461968113467  682.963232655074  18.42168075115893  16.71479506825868  51.98845270304817  51.12784093822911  
