# BJD     Detrended data    Detrended data errors,   Original data   Original data errors    Model applied 
2458930.2403893       0.9999282       0.0008931      0.9999404      0.0008931      1.0000122
2458930.3889189       1.0001486       0.0008838      1.0001609      0.0008839      1.0000122
2458930.5881601       0.9999898       0.0008779      1.0000021      0.0008779      1.0000122
2458930.7871858       0.9999945       0.0008769      1.0000068      0.0008769      1.0000122
2458930.9851772       0.9999406       0.0008753      0.9999528      0.0008753      1.0000122
2458931.1837215       0.9997951       0.0008698      0.9998073      0.0008698      1.0000122
2458931.3830241       1.0001045       0.0008641      1.0001168      0.0008641      1.0000122
2458931.5816079       1.0001677       0.0008621      1.0001800      0.0008621      1.0000122
2458931.7802211       1.0002135       0.0008628      1.0002258      0.0008628      1.0000122
2458931.9790884       1.0001659       0.0008618      1.0001781      0.0008618      1.0000122
2458932.1774472       1.0000736       0.0008599      1.0000858      0.0008599      1.0000122
2458932.3754146       0.9999308       0.0008558      0.9999431      0.0008558      1.0000122
2458932.5746731       0.9997098       0.0008552      0.9997221      0.0008552      1.0000122
2458932.7732859       0.9998972       0.0008563      0.9999094      0.0008563      1.0000122
2458932.9717422       0.9998205       0.0008556      0.9998327      0.0008556      1.0000122
2458933.1694870       0.9999791       0.0008548      0.9999913      0.0008548      1.0000122
2458933.3687892       1.0000906       0.0008517      1.0001029      0.0008518      1.0000122
2458933.5672223       0.9997718       0.0008518      0.9997840      0.0008518      1.0000122
2458933.7597671       1.0000283       0.0008522      1.0000406      0.0008522      1.0000122
2458933.9609508       0.9999238       0.0008520      0.9999361      0.0008520      1.0000122
2458934.1504665       0.9997139       0.0008516      0.9997262      0.0008516      1.0000122
2458934.3613562       0.9998967       0.0008495      0.9999090      0.0008495      1.0000122
2458934.5631558       1.0003141       0.0008498      1.0003263      0.0008498      1.0000122
2458934.7553340       1.0000711       0.0008503      1.0000834      0.0008503      1.0000122
2458934.9557926       1.0001502       0.0008497      1.0001625      0.0008497      1.0000122
2458935.1485685       1.0000149       0.0008492      1.0000271      0.0008493      1.0000122
2458935.3409311       1.0003319       0.0008481      1.0003441      0.0008481      1.0000122
2458935.5573316       0.9998726       0.0008481      0.9998848      0.0008481      1.0000122
2458935.7428358       1.0001298       0.0008477      1.0001420      0.0008478      1.0000122
2458935.9430076       1.0000306       0.0008475      1.0000429      0.0008475      1.0000122
2458936.1632705       0.9999500       0.0008468      0.9999623      0.0008468      1.0000122
2458936.3441398       0.9998647       0.0008460      0.9998770      0.0008460      1.0000122
2458936.5427514       0.9999943       0.0008459      1.0000066      0.0008459      1.0000122
2458936.7413629       0.9999492       0.0008451      0.9999614      0.0008451      1.0000122
2458936.9399744       0.9997020       0.0008441      0.9997143      0.0008441      1.0000122
2458937.1386249       0.9997134       0.0008430      0.9997256      0.0008430      1.0000122
2458937.3371970       0.9997452       0.0008419      0.9997575      0.0008419      1.0000122
2458937.5352172       0.9999161       0.0008413      0.9999283      0.0008413      1.0000122
2458937.7344194       0.9999053       0.0008412      0.9999175      0.0008412      1.0000122
2458937.9344193       1.0000710       0.0008412      1.0000833      0.0008413      1.0000122
2458938.1348465       1.0000262       0.0008411      1.0000385      0.0008411      1.0000122
2458938.3358078       1.0001205       0.0008414      1.0001328      0.0008414      1.0000122
2458938.5371963       0.9997985       0.0008412      0.9998108      0.0008412      1.0000122
2458938.7385848       1.0000365       0.0008412      1.0000487      0.0008412      1.0000122
2458938.9404747       1.0001034       0.0008411      1.0001157      0.0008411      1.0000122
2458939.1413613       1.0001399       0.0008412      1.0001521      0.0008413      1.0000122
2458939.3423804       1.0001250       0.0008411      1.0001372      0.0008411      1.0000122
2458939.5446390       1.0001340       0.0008410      1.0001463      0.0008410      1.0000122
2458939.7442349       1.0000460       0.0008411      1.0000582      0.0008411      1.0000122
2458939.9465583       0.9997695       0.0008409      0.9997818      0.0008409      1.0000122
2458940.1492492       1.0002301       0.0008410      1.0002424      0.0008410      1.0000122
2458940.3495885       1.0000946       0.0008410      1.0001069      0.0008410      1.0000122
2458940.5544839       0.9999232       0.0008408      0.9999355      0.0008408      1.0000122
2458940.7526753       0.9997915       0.0008409      0.9998038      0.0008410      1.0000122
2458946.2329467       1.0000073       0.0008796      1.0000196      0.0008796      1.0000122
2458946.3847899       0.9999382       0.0008668      0.9999504      0.0008668      1.0000122
2458946.5851756       1.0000928       0.0008628      1.0001051      0.0008628      1.0000122
2458946.7869029       1.0002019       0.0008625      1.0002142      0.0008625      1.0000122
2458946.9878989       1.0000871       0.0008610      1.0000994      0.0008610      1.0000122
2458947.1855193       0.9999307       0.0008584      0.9999430      0.0008584      1.0000122
2458947.3957582       0.9997660       0.0008566      0.9997782      0.0008566      1.0000122
2458947.5929206       0.9999115       0.0008565      0.9999238      0.0008565      1.0000122
2458947.7941023       0.9998925       0.0008562      0.9999048      0.0008562      1.0000122
2458947.9955667       0.9998498       0.0008557      0.9998621      0.0008557      1.0000122
2458948.1978350       0.9999249       0.0008542      0.9999371      0.0008542      1.0000122
2458948.3983475       0.9999537       0.0008532      0.9999660      0.0008532      1.0000122
2458948.5991394       0.9999910       0.0008523      1.0000032      0.0008524      1.0000122
2458948.8009618       0.9995253       0.0008523      0.9995375      0.0008523      1.0000122
2458949.0023471       1.0000062       0.0008525      1.0000185      0.0008525      1.0000122
2458949.2020304       1.0000459       0.0008510      1.0000582      0.0008511      1.0000122
2458949.4051175       0.9999323       0.0008512      0.9999445      0.0008512      1.0000122
2458949.6070234       0.9999695       0.0008499      0.9999818      0.0008499      1.0000122
2458949.8022019       1.0000940       0.0008497      1.0001062      0.0008497      1.0000122
2458950.0092725       1.0001563       0.0008500      1.0001686      0.0008500      1.0000122
2458950.2106574       0.9998383       0.0008487      0.9998506      0.0008487      1.0000122
2458950.4120423       1.0001648       0.0008488      1.0001770      0.0008488      1.0000122
2458950.6134270       1.0001360       0.0008475      1.0001483      0.0008475      1.0000122
2458950.8148117       1.0001542       0.0008470      1.0001664      0.0008471      1.0000122
2458951.0161963       1.0001200       0.0008468      1.0001322      0.0008468      1.0000122
2458951.2175808       1.0001010       0.0008452      1.0001133      0.0008452      1.0000122
2458951.4189653       1.0000842       0.0008446      1.0000964      0.0008446      1.0000122
2458951.6203497       0.9998626       0.0008427      0.9998749      0.0008427      1.0000122
2458951.8217340       1.0000000       0.0008417      1.0000122      0.0008417      1.0000122
2458952.0228948       1.0000621       0.0008404      1.0000743      0.0008404      1.0000122
2458952.2247820       0.9999642       0.0008401      0.9999764      0.0008401      1.0000122
2458952.4259153       1.0000247       0.0008401      1.0000369      0.0008401      1.0000122
2458952.6272704       1.0000000       0.0008401      1.0000123      0.0008401      1.0000122
2458952.8286542       1.0000086       0.0008400      1.0000208      0.0008400      1.0000122
2458953.0294111       0.9999017       0.0008400      0.9999140      0.0008400      1.0000122
2458953.2314217       0.9996087       0.0008399      0.9996209      0.0008399      1.0000122
2458953.4328052       0.9999746       0.0008400      0.9999869      0.0008400      1.0000122
2458953.6341887       1.0000747       0.0008399      1.0000869      0.0008399      1.0000122
2458953.8355720       1.0000756       0.0008400      1.0000879      0.0008400      1.0000122
2458954.0369551       1.0001902       0.0008399      1.0002024      0.0008399      1.0000122
2458954.2384644       0.9999931       0.0008397      1.0000053      0.0008397      1.0000122
2458954.4397209       1.0000935       0.0008399      1.0001058      0.0008400      1.0000122
2458954.6411035       0.9997220       0.0008396      0.9997342      0.0008396      1.0000122
2458954.8104007       1.0000651       0.0008397      1.0000774      0.0008397      1.0000122
