# BJD       ,   rvs,   rvs_sigma,    idset,    o_c,    model_rvs,  
2453015.795    -36.225      0.957      1.000    -36.225      0.000
2453037.764    -16.396      0.930      1.000    -16.396      0.000
2453046.615     -6.633      0.974      1.000     -6.633      0.000
2453057.715      3.679      0.925      1.000      3.679      0.000
2453146.557     44.992      1.095      1.000     44.992      0.000
2453160.452      6.830      1.207      1.000      6.830      0.000
2453160.453      5.552      1.251      1.000      5.552      0.000
2453160.457      6.311      1.199      1.000      6.311      0.000
2453160.459      9.069      1.187      1.000      9.069      0.000
2453160.460      6.114      1.256      1.000      6.114      0.000
2453160.462      6.876      1.220      1.000      6.876      0.000
2453160.463      6.537      1.215      1.000      6.537      0.000
2453160.465      9.114      1.244      1.000      9.114      0.000
2453160.467      8.546      1.249      1.000      8.546      0.000
2453160.468      6.945      1.264      1.000      6.945      0.000
2453160.476      7.749      1.183      1.000      7.749      0.000
2453160.478      7.037      1.175      1.000      7.037      0.000
2453160.479      7.048      1.188      1.000      7.048      0.000
2453160.481      4.547      1.181      1.000      4.547      0.000
2453160.482      9.778      1.196      1.000      9.778      0.000
2453160.484      7.491      1.253      1.000      7.491      0.000
2453160.485      4.360      1.200      1.000      4.360      0.000
2453160.487     10.604      1.234      1.000     10.604      0.000
2453160.488      8.427      1.227      1.000      8.427      0.000
2453160.490      6.375      1.258      1.000      6.375      0.000
2453160.491      8.524      1.325      1.000      8.524      0.000
2453160.493      7.179      1.344      1.000      7.179      0.000
2453160.494      7.367      1.404      1.000      7.367      0.000
2453160.496      7.142      1.251      1.000      7.142      0.000
2453160.498      5.627      1.209      1.000      5.627      0.000
2453161.435      2.162      1.258      1.000      2.162      0.000
2453161.437      0.683      1.150      1.000      0.683      0.000
2453161.438      3.527      1.141      1.000      3.527      0.000
2453161.440      3.116      1.144      1.000      3.116      0.000
2453161.441      0.799      1.157      1.000      0.799      0.000
2453161.443      1.727      1.234      1.000      1.727      0.000
2453161.444     -0.751      1.128      1.000     -0.751      0.000
2453161.446     -0.146      1.112      1.000     -0.146      0.000
2453161.447     -0.205      1.098      1.000     -0.205      0.000
2453161.449      1.607      1.104      1.000      1.607      0.000
2453161.450      0.745      1.122      1.000      0.745      0.000
2453161.452     -2.000      1.088      1.000     -2.000      0.000
2453161.453     -1.190      1.082      1.000     -1.190      0.000
2453161.455      0.334      1.064      1.000      0.334      0.000
2453161.456      0.022      1.077      1.000      0.022      0.000
2453161.458     -0.682      1.091      1.000     -0.682      0.000
2453161.460      0.551      1.106      1.000      0.551      0.000
2453161.461     -2.357      1.136      1.000     -2.357      0.000
2453161.463     -2.706      1.147      1.000     -2.706      0.000
2453161.464      0.380      1.120      1.000      0.380      0.000
2453161.466      0.947      1.119      1.000      0.947      0.000
2453161.467     -2.712      1.126      1.000     -2.712      0.000
2453161.469     -0.661      1.103      1.000     -0.661      0.000
2453161.470      1.352      1.083      1.000      1.352      0.000
2453161.472     -4.266      1.154      1.000     -4.266      0.000
2453161.473      0.955      1.139      1.000      0.955      0.000
2453161.475     -1.051      1.213      1.000     -1.051      0.000
2453161.476      0.984      1.315      1.000      0.984      0.000
2453161.478      3.617      1.647      1.000      3.617      0.000
2453161.479      1.769      1.247      1.000      1.769      0.000
2453161.481      1.585      1.191      1.000      1.585      0.000
2453161.482      0.111      1.182      1.000      0.111      0.000
2453161.484     -0.554      1.220      1.000     -0.554      0.000
2453161.485      2.748      1.256      1.000      2.748      0.000
2453161.487      2.736      1.108      1.000      2.736      0.000
2453161.488      0.988      1.120      1.000      0.988      0.000
2453161.490      3.584      1.137      1.000      3.584      0.000
2453161.491      0.454      1.226      1.000      0.454      0.000
2453161.493      3.449      1.297      1.000      3.449      0.000
2453161.494      1.544      1.273      1.000      1.544      0.000
2453161.496     -0.738      1.310      1.000     -0.738      0.000
2453161.498      1.807      1.364      1.000      1.807      0.000
2453367.730     16.143      1.982      1.000     16.143      0.000
2453367.731     18.613      1.653      1.000     18.613      0.000
2453367.732     17.309      1.582      1.000     17.309      0.000
2453367.733     19.248      1.815      1.000     19.248      0.000
2453367.734     20.142      1.777      1.000     20.142      0.000
2453367.735     15.704      1.954      1.000     15.704      0.000
2453367.736     16.281      2.027      1.000     16.281      0.000
2453367.737     21.160      1.807      1.000     21.160      0.000
2453367.738     19.807      1.704      1.000     19.807      0.000
2453367.739     20.581      1.758      1.000     20.581      0.000
2453371.784      7.294      1.274      1.000      7.294      0.000
2453371.786      5.453      1.236      1.000      5.453      0.000
2453371.787      6.248      1.280      1.000      6.248      0.000
2453371.788      3.801      1.277      1.000      3.801      0.000
2453371.789      4.568      1.226      1.000      4.568      0.000
2453371.790      7.972      1.317      1.000      7.972      0.000
2453371.791      8.527      1.289      1.000      8.527      0.000
2453371.792      5.950      1.249      1.000      5.950      0.000
2453371.794      4.636      1.234      1.000      4.636      0.000
2453401.753    -85.090      2.030      1.000    -85.090      0.000
2453401.765    -85.182      1.212      1.000    -85.182      0.000
2453406.736    -80.937      0.849      1.000    -80.937      0.000
2453466.661    -26.678      0.975      1.000    -26.678      0.000
2453466.665    -25.407      0.976      1.000    -25.407      0.000
2453489.510     -1.941      0.876      1.000     -1.941      0.000
2453491.568     -0.305      0.896      1.000     -0.305      0.000
2453511.530     18.396      0.911      1.000     18.396      0.000
2453511.533     19.969      0.897      1.000     19.969      0.000
2453511.536     18.687      0.900      1.000     18.687      0.000
2453511.538     19.456      0.882      1.000     19.456      0.000
2453512.474     16.579      0.953      1.000     16.579      0.000
2453512.479     18.977      0.853      1.000     18.977      0.000
2453512.481     18.816      0.744      1.000     18.816      0.000
2453516.528     24.889      1.060      1.000     24.889      0.000
2453516.532     23.641      1.002      1.000     23.641      0.000
2453516.534     23.925      1.087      1.000     23.925      0.000
2453516.537     23.844      1.540      1.000     23.844      0.000
2453542.467     41.357      0.894      1.000     41.357      0.000
2453675.861     31.652      0.802      1.000     31.652      0.000
2453696.857     48.634      0.868      1.000     48.634      0.000
2453696.860     48.257      0.875      1.000     48.257      0.000
2453696.864     47.917      0.881      1.000     47.917      0.000
2453757.763     69.406      0.931      1.000     69.406      0.000
2453757.769     68.415      0.931      1.000     68.415      0.000
2453762.721     70.831      0.675      1.000     70.831      0.000
2453762.726     70.720      0.682      1.000     70.720      0.000
2453784.690     67.065      0.784      1.000     67.065      0.000
2453784.695     65.726      0.771      1.000     65.726      0.000
2453788.760     58.823      0.876      1.000     58.823      0.000
2453788.765     58.535      0.873      1.000     58.535      0.000
2453813.643      0.978      0.942      1.000      0.978      0.000
2453813.648     -0.040      0.941      1.000     -0.040      0.000
2453829.660    -65.636      0.640      1.000    -65.636      0.000
2453829.665    -64.827      0.639      1.000    -64.827      0.000
2453830.683    -70.654      0.737      1.000    -70.654      0.000
2453830.688    -71.416      0.745      1.000    -71.416      0.000
2453831.611    -73.201      0.565      1.000    -73.201      0.000
2453831.616    -74.524      0.545      1.000    -74.524      0.000
2453832.659    -74.760      0.631      1.000    -74.760      0.000
2453832.664    -74.822      0.627      1.000    -74.822      0.000
2453833.599    -77.218      0.915      1.000    -77.218      0.000
2453833.604    -77.855      0.916      1.000    -77.855      0.000
2453834.580    -77.608      0.700      1.000    -77.608      0.000
2453834.585    -78.363      0.699      1.000    -78.363      0.000
2453835.626    -80.467      0.631      1.000    -80.467      0.000
2453835.631    -79.992      0.633      1.000    -79.992      0.000
2453836.651    -82.721      0.666      1.000    -82.721      0.000
2453836.656    -80.881      0.673      1.000    -80.881      0.000
2453861.607    -71.825      0.906      1.000    -71.825      0.000
2453863.550    -72.365      0.879      1.000    -72.365      0.000
2453863.555    -71.783      0.893      1.000    -71.783      0.000
2453865.570    -69.191      0.920      1.000    -69.191      0.000
2453865.576    -69.529      0.921      1.000    -69.529      0.000
2453867.553    -67.239      0.933      1.000    -67.239      0.000
2453867.559    -66.186      0.939      1.000    -66.186      0.000
2453870.498    -62.432      0.912      1.000    -62.432      0.000
2453870.503    -63.055      0.910      1.000    -63.055      0.000
2453882.495    -53.401      0.948      1.000    -53.401      0.000
2453882.498    -53.475      0.950      1.000    -53.475      0.000
2453882.502    -54.012      0.956      1.000    -54.012      0.000
2454078.841    -10.793      0.944      1.000    -10.793      0.000
2454078.845    -12.638      0.921      1.000    -12.638      0.000
2454117.730     32.882      0.988      1.000     32.882      0.000
2454117.738     32.996      0.955      1.000     32.996      0.000
2454117.744     33.052      0.953      1.000     33.052      0.000
2454122.772     36.310      0.917      1.000     36.310      0.000
2454122.778     35.476      0.912      1.000     35.476      0.000
2454136.727     48.621      0.654      1.000     48.621      0.000
2454136.730     48.049      0.656      1.000     48.049      0.000
2454136.734     47.422      0.657      1.000     47.422      0.000
2454166.646     65.863      0.892      1.000     65.863      0.000
2454196.653     70.510      0.923      1.000     70.510      0.000
2454202.593     70.985      0.926      1.000     70.985      0.000
2454202.598     69.829      0.931      1.000     69.829      0.000
2454228.590     58.376      0.880      1.000     58.376      0.000
2454228.595     58.177      0.889      1.000     58.177      0.000
2454232.521     53.529      0.939      1.000     53.529      0.000
2454232.526     53.284      0.923      1.000     53.284      0.000
2454296.456    -73.940      0.947      1.000    -73.940      0.000
2454296.465    -75.328      1.002      1.000    -75.328      0.000
2454429.852     46.481      0.812      1.000     46.481      0.000
2454564.560     52.237      0.712      1.000     52.237      0.000
2454564.565     52.456      0.690      1.000     52.456      0.000
2454850.821     32.249      0.896      1.000     32.249      0.000
2455225.739    -31.323      0.830      1.000    -31.323      0.000
2455225.744    -31.996      0.888      1.000    -31.996      0.000
2455246.752    -10.383      0.842      1.000    -10.383      0.000
2455246.758     -9.879      0.834      1.000     -9.879      0.000
2455247.770    -10.694      0.892      1.000    -10.694      0.000
2455248.745    -10.320      0.928      1.000    -10.320      0.000
2455248.751     -8.930      0.930      1.000     -8.930      0.000
2456090.463    -44.834      0.937      1.000    -44.834      0.000
2456722.690     -1.301      0.570      1.000     -1.301      0.000
2456724.644      0.726      0.544      1.000      0.726      0.000
2456726.636     -2.818      0.503      1.000     -2.818      0.000
2456728.661      0.333      0.587      1.000      0.333      0.000
2456740.553     15.877      0.706      1.000     15.877      0.000
2456747.674     24.472      0.787      1.000     24.472      0.000
2456747.680     22.040      0.788      1.000     22.040      0.000
2456749.693     28.476      0.641      1.000     28.476      0.000
2456749.699     28.518      0.646      1.000     28.518      0.000
2456757.619     30.706      0.554      1.000     30.706      0.000
2456759.557     33.146      0.734      1.000     33.146      0.000
2456789.525     54.895      0.630      1.000     54.895      0.000
2456791.577     56.016      0.544      1.000     56.016      0.000
2456803.510     66.188      0.484      1.000     66.188      0.000
2456804.477     68.588      0.754      1.000     68.588      0.000
2456999.869    -24.666      0.507      1.000    -24.666      0.000
2457021.813      1.672      0.761      1.000      1.672      0.000
2457035.746     14.365      0.770      1.000     14.365      0.000
2457075.783     45.391      0.737      1.000     45.391      0.000
2457077.771     47.260      0.662      1.000     47.260      0.000
2457102.639     42.719      0.976      1.000     42.719      0.000
2457102.644     44.635      0.986      1.000     44.635      0.000
2457143.592    -30.559      0.683      1.000    -30.559      0.000
2457148.608    -26.473      0.731      1.000    -26.473      0.000
2457372.851    -60.942      0.619      2.000    -60.942      0.000
2457373.820    -64.134      0.878      2.000    -64.134      0.000
2457424.635    -24.775      0.929      2.000    -24.775      0.000
2457425.625    -24.596      0.464      2.000    -24.596      0.000
2457427.732    -22.953      0.713      2.000    -22.953      0.000
2457431.695    -21.784      1.093      2.000    -21.784      0.000
2457463.545     10.759      0.681      2.000     10.759      0.000
2457463.551     10.858      0.682      2.000     10.858      0.000
2457465.498     12.648      1.092      2.000     12.648      0.000
2457465.539     12.652      0.604      2.000     12.652      0.000
2457465.545     12.535      0.614      2.000     12.535      0.000
2457473.702     22.747      0.583      2.000     22.747      0.000
2457478.593     24.138      0.932      2.000     24.138      0.000
2457695.862     80.939      0.533      2.000     80.939      0.000
2457697.871     82.326      0.603      2.000     82.326      0.000
2457715.843     86.557      0.982      2.000     86.557      0.000
2457716.844     86.864      0.728      2.000     86.864      0.000
2457717.851     88.288      0.750      2.000     88.288      0.000
2457718.866     88.381      1.068      2.000     88.381      0.000
2457720.834     88.142      0.668      2.000     88.142      0.000
2457721.845     85.707      0.584      2.000     85.707      0.000
2457752.708     71.813      0.490      2.000     71.813      0.000
2457755.741     64.687      0.888      2.000     64.687      0.000
2457756.748     64.288      0.891      2.000     64.288      0.000
2457795.653    -57.514      0.934      2.000    -57.514      0.000
2457796.692    -58.601      1.065      2.000    -58.601      0.000
2457797.688    -58.705      0.707      2.000    -58.705      0.000
2457798.677    -59.358      0.620      2.000    -59.358      0.000
2457799.604    -60.518      0.655      2.000    -60.518      0.000
2457802.589    -62.320      0.575      2.000    -62.320      0.000
2457803.587    -62.276      0.596      2.000    -62.276      0.000
2457812.542    -58.664      1.259      2.000    -58.664      0.000
2457814.701    -55.692      1.213      2.000    -55.692      0.000
2457815.646    -57.529      0.841      2.000    -57.529      0.000
2457817.636    -54.119      0.614      2.000    -54.119      0.000
2457818.609    -53.439      0.748      2.000    -53.439      0.000
2457846.545    -34.976      0.715      2.000    -34.976      0.000
2457847.505    -34.983      0.911      2.000    -34.983      0.000
2457848.537    -35.495      0.666      2.000    -35.495      0.000
2457852.633    -30.358      0.541      2.000    -30.358      0.000
2457854.661    -28.215      0.560      2.000    -28.215      0.000
2457855.665    -26.701      0.602      2.000    -26.701      0.000
2457864.604    -18.949      0.753      2.000    -18.949      0.000
2457865.545    -19.200      0.597      2.000    -19.200      0.000
2457879.540     -0.565      0.498      2.000     -0.565      0.000
2457922.476     34.752      0.779      2.000     34.752      0.000
2457925.473     36.222      0.604      2.000     36.222      0.000
