2456100.75038        9.913    1.603    -9584.629    1.764        29.711    1.427    -9586.393    1.579       29.711    1.427  -16.906   11.612   -5.172    1.297   0.5709   0.0019   0.1776   0.0021   0.2340   0.0026   0        6.914       50.008        0.016      -10.000       47.300 2456100.74962  20.549000  20.545000     0.000       NaN    0.000    -1.521    0.729   -1.764    0.787    0.510  899.995  -16.842   11.227
2456100.76032       11.208    1.912    -9585.644    2.235        31.003    1.768    -9587.427    2.092       31.003    1.768   10.700   13.077   -3.461    1.554   0.5707   0.0022   0.1779   0.0026   0.2240   0.0032   0        6.924       49.889        0.032      -10.000       39.500 2456100.75955  20.523000  20.518000     0.000       NaN    0.000    -1.524    0.729   -1.783    0.787    0.510  600.000   10.571   12.745
2456100.76824        7.751    1.844    -9587.103    2.121        27.544    1.694    -9588.901    1.970       27.544    1.694  -25.194   13.730   -3.969    1.584   0.5762   0.0022   0.1805   0.0025   0.2317   0.0031   0        6.913       49.977        0.033      -10.000       40.900 2456100.76746  20.501000  20.497000     0.000       NaN    0.000    -1.526    0.729   -1.798    0.787    0.520  600.000  -25.194   13.436
2456100.77558        7.718    1.844    -9588.472    2.141        27.509    1.694    -9590.284    1.991       27.509    1.694  -15.482   12.265   -8.105    1.566   0.5758   0.0022   0.1782   0.0025   0.2294   0.0031   0        6.907       50.053        0.020      -10.000       40.600 2456100.77480  20.481000  20.477000     0.000       NaN    0.000    -1.528    0.729   -1.812    0.787    0.540  500.000  -15.524   11.930
2456100.78223        7.876    1.958    -9588.930    2.300        27.665    1.817    -9590.754    2.161       27.665    1.817   49.595   14.464   -5.013    1.846   0.5701   0.0023   0.1829   0.0027   0.2231   0.0033   0        6.920       49.922        0.013      -10.000       38.500 2456100.78146  20.462000  20.458000     0.000       NaN    0.000    -1.530    0.729   -1.824    0.787    0.520  400.000   49.280   14.267
2456100.78807        7.078    1.746    -9591.060    1.978        26.866    1.586    -9592.896    1.815       26.866    1.586   27.255   12.938   -8.874    1.586   0.5697   0.0020   0.1812   0.0023   0.2321   0.0029   0        6.911       50.053        0.024      -10.000       43.100 2456100.78730  20.446000  20.442000     0.000       NaN    0.000    -1.531    0.729   -1.836    0.787    0.510  400.000   27.053   12.716
2456100.79294        8.736    2.076    -9586.765    2.482        28.523    1.944    -9588.610    2.354       28.523    1.944   41.730   18.589   -3.589    2.294   0.5773   0.0025   0.1795   0.0029   0.2321   0.0036   0        6.910       50.000        0.031      -10.000       36.300 2456100.79217  20.432000  20.428000     0.000       NaN    0.000    -1.532    0.729   -1.845    0.787    0.520  300.000   41.678   18.431
2456100.79713       11.114    1.898    -9589.131    2.213        30.899    1.752    -9590.984    2.068       30.899    1.752    0.093   16.323   -5.965    1.667   0.5809   0.0022   0.1814   0.0026   0.2282   0.0032   0        6.919       50.027        0.029      -10.000       39.700 2456100.79636  20.420000  20.416000     0.000       NaN    0.000    -1.534    0.729   -1.853    0.787    0.510  300.006    0.033   16.116
2456100.80128       15.796    1.959    -9576.211    2.303        35.580    1.818    -9578.072    2.165       35.580    1.818    4.787   12.780   -6.014    1.874   0.5781   0.0023   0.1817   0.0027   0.2243   0.0033   0        6.897       50.118        0.014      -10.000       38.300 2456100.80051  20.408000  20.404000     0.000       NaN    0.000    -1.535    0.729   -1.861    0.787    0.500  300.006    4.688   12.549
2456100.80506       15.035    2.073    -9583.280    2.493        34.818    1.941    -9585.148    2.366       34.818    1.941   -9.493   14.533   -2.685    2.168   0.5777   0.0025   0.1800   0.0029   0.2257   0.0036   0        6.912       50.032        0.030      -10.000       36.000 2456100.80428  20.397000  20.393000     0.000       NaN    0.000    -1.536    0.729   -1.868    0.787    0.480  300.000   -9.549   14.298
2456100.80897       15.075    1.954    -9580.699    2.312        34.857    1.813    -9582.574    2.174       34.857    1.813   13.664   14.236   -6.137    1.646   0.5770   0.0023   0.1830   0.0027   0.2301   0.0033   0        6.915       50.044        0.035      -10.000       38.300 2456100.80820  20.386000  20.382000     0.000       NaN    0.000    -1.537    0.729   -1.875    0.787    0.500  300.000   13.375   13.981
2456100.81281       14.699    2.085    -9580.253    2.512        34.480    1.953    -9582.136    2.386       34.480    1.953  -10.471   15.960   -2.912    1.802   0.5771   0.0025   0.1753   0.0029   0.2273   0.0036   0        6.910       50.020        0.029      -10.000       35.900 2456100.81204  20.375000  20.371000     0.000       NaN    0.000    -1.538    0.729   -1.883    0.787    0.500  300.000  -10.566   15.811
2456100.81669       17.267    2.020    -9576.825    2.406        37.047    1.884    -9578.715    2.274       37.047    1.884    0.743   15.301   -4.340    1.951   0.5791   0.0024   0.1835   0.0028   0.2269   0.0035   0        6.900       50.081        0.018      -10.000       37.000 2456100.81592  20.364000  20.360000     0.000       NaN    0.000    -1.539    0.729   -1.890    0.787    0.510  300.000    0.712   15.078
2456100.82046       15.397    1.983    -9575.728    2.357        35.176    1.844    -9577.625    2.222       35.176    1.844    6.336   13.275    1.377    2.088   0.5740   0.0024   0.1845   0.0028   0.2327   0.0034   0        6.916       49.980        0.028      -10.000       37.600 2456100.81969  20.353000  20.349000     0.000       NaN    0.000    -1.540    0.729   -1.897    0.787    0.490  300.000    6.226   13.138
2456100.82441       13.672    2.049    -9582.824    2.450        33.450    1.915    -9584.729    2.320       33.450    1.915   -5.874   16.152   -1.796    2.125   0.5761   0.0025   0.1825   0.0029   0.2322   0.0035   0        6.920       50.024        0.033      -10.000       36.500 2456100.82364  20.342000  20.337000     0.000       NaN    0.000    -1.541    0.729   -1.905    0.787    0.520  300.000   -5.810   16.077
2456100.82812        9.086    1.866    -9587.760    2.191        28.863    1.718    -9589.672    2.045       28.863    1.718    1.642   15.803   -4.295    1.761   0.5773   0.0023   0.1775   0.0026   0.2295   0.0032   0        6.910       50.076        0.024      -10.000       39.700 2456100.82734  20.331000  20.326000     0.000       NaN    0.000    -1.542    0.729   -1.912    0.787    0.480  300.000    1.532   15.766
2456100.83189        7.853    2.144    -9590.225    2.608        27.629    2.016    -9592.144    2.487       27.629    2.016  -13.907   17.653    0.240    2.153   0.5727   0.0026   0.1832   0.0031   0.2328   0.0038   0        6.923       49.922        0.020      -10.000       34.800 2456100.83111  20.320000  20.316000     0.000       NaN    0.000    -1.543    0.729   -1.919    0.787    0.460  300.000  -13.986   17.634
2456100.83577        2.445    2.645    -9592.113    3.296        22.220    2.542    -9594.040    3.201       22.220    2.542  -13.850   19.301    1.471    2.795   0.5832   0.0032   0.1787   0.0040   0.2332   0.0049   0        6.908       49.875        0.029      -10.000       28.700 2456100.83499  20.309000  20.304000     0.000       NaN    0.000    -1.544    0.729   -1.927    0.787    0.470  300.000  -14.072   19.314
2456100.83965        4.706    3.205    -9594.653    3.931        24.480    3.121    -9596.587    3.851       24.480    3.121   -6.321   30.775    5.439    3.005   0.5804   0.0038   0.1612   0.0049   0.2323   0.0062   0        6.902       49.885        0.046      -10.000       24.100 2456100.83888  20.297000  20.293000     0.000       NaN    0.000    -1.545    0.729   -1.934    0.787    0.480  300.006   -6.224   30.835
2456100.84339       -4.855    3.778    -9600.940    4.474        14.918    3.707    -9602.881    4.404       14.918    3.707    8.987   35.999    0.102    4.687   0.5749   0.0045   0.1801   0.0061   0.2260   0.0074   0        6.898       49.946        0.021      -10.000       20.900 2456100.84262  20.287000  20.282000     0.000       NaN    0.000    -1.546    0.729   -1.941    0.787    0.450  300.000    9.085   35.924
2456100.84752      -12.800    5.253    -9625.548    5.452         6.972    5.202    -9627.497    5.395        6.972    5.202   53.915   47.119  -11.901    5.890   0.5789   0.0062   0.1739   0.0091   0.2224   0.0111   0        6.882       50.193       -0.015      -10.000       15.700 2456100.84674  20.275000  20.270000     0.000       NaN    0.000    -1.547    0.729   -1.949    0.787    0.530  300.000   55.629   47.225
2456100.85310      -10.972    3.029    -9609.520    3.727         8.798    2.940    -9611.480    3.643        8.798    2.940   32.489   26.592    2.284    2.523   0.5753   0.0036   0.1803   0.0047   0.2346   0.0057   0        6.907       49.853        0.038      -10.000       25.400 2456100.85233  20.259000  20.254000     0.000       NaN    0.000    -1.549    0.729   -1.960    0.787    0.500  500.000   32.557   26.615
2456100.86060       -9.081    2.121    -9607.638    2.554        10.687    1.992    -9609.612    2.430       10.687    1.992   -7.184   17.502   -2.099    1.943   0.5755   0.0025   0.1822   0.0030   0.2258   0.0036   0        6.911       49.862        0.031      -10.000       35.400 2456100.85982  20.238000  20.233000     0.000       NaN    0.000    -1.551    0.729   -1.974    0.787    0.520  500.000   -7.129   17.576
2456100.86675       -6.537    1.808    -9600.408    2.097        13.230    1.654    -9602.394    1.944       13.230    1.654  -25.381   13.660   -6.402    1.622   0.6005   0.0022   0.1816   0.0024   0.2297   0.0030   0        6.900       50.038        0.030      -10.000       41.000 2456100.86598  20.220000  20.216000     0.000       NaN    0.000    -1.552    0.729   -1.986    0.787    0.520  500.000  -25.505   13.792
2456100.87263       -8.070    2.347    -9601.469    2.897        11.695    2.231    -9603.466    2.788       11.695    2.231  -14.192   18.878   -8.030    2.604   0.5751   0.0028   0.1773   0.0034   0.2371   0.0042   0        6.907       50.051        0.027      -10.000       32.000 2456100.87186  20.204000  20.199000     0.000       NaN    0.000    -1.554    0.729   -1.997    0.787    0.510  300.000  -14.249   18.979
2456100.87646       -3.192    2.200    -9598.369    2.687        16.572    2.076    -9600.373    2.569       16.572    2.076  -21.521   19.987   -6.989    2.039   0.5764   0.0027   0.1744   0.0031   0.2347   0.0039   0        6.918       49.919        0.037      -10.000       33.900 2456100.87569  20.193000  20.189000     0.000       NaN    0.000    -1.555    0.729   -2.004    0.787    0.510  300.000  -21.610   20.100
2456100.88024       -2.789    2.390    -9595.471    2.937        16.974    2.276    -9597.482    2.830       16.974    2.276   23.343   20.721    1.834    2.340   0.5738   0.0029   0.1866   0.0035   0.2404   0.0043   0        6.922       49.792        0.017      -10.000       31.600 2456100.87946  20.183000  20.178000     0.000       NaN    0.000    -1.556    0.729   -2.011    0.787    0.490  300.000   23.152   20.837
2456100.88412        2.099    2.458    -9591.533    3.037        21.861    2.347    -9593.552    2.933       21.861    2.347  -21.926   16.347   -2.387    2.370   0.5746   0.0030   0.1857   0.0036   0.2370   0.0044   0        6.925       49.832        0.015      -10.000       30.800 2456100.88334  20.172000  20.168000     0.000       NaN    0.000    -1.557    0.729   -2.019    0.787    0.500  300.006  -21.879   16.555
2456100.88790        2.118    2.412    -9598.348    2.971        21.879    2.299    -9600.374    2.865       21.879    2.299  -15.248   20.604    0.793    2.085   0.5777   0.0029   0.1828   0.0035   0.2356   0.0043   0        6.910       49.779        0.024      -10.000       31.400 2456100.88713  20.162000  20.158000     0.000       NaN    0.000    -1.558    0.729   -2.026    0.787    0.480  300.006  -15.388   20.776
2456100.89174       -0.988    2.811    -9595.512    3.456        18.772    2.715    -9597.545    3.365       18.772    2.715  -27.935   25.146    0.075    2.471   0.5733   0.0033   0.1838   0.0042   0.2212   0.0051   0        6.912       49.763        0.024      -10.000       27.600 2456100.89097  20.152000  20.147000     0.000       NaN    0.000    -1.559    0.729   -2.033    0.787    0.480  300.000  -27.905   25.245
2456100.89583        1.044    3.216    -9597.873    3.934        20.803    3.132    -9599.914    3.855       20.803    3.132   76.692   28.946    0.005    2.888   0.5795   0.0038   0.1771   0.0049   0.2360   0.0061   0        6.917       49.703        0.026      -10.000       24.200 2456100.89505  20.141000  20.136000     0.000       NaN    0.000    -1.560    0.729   -2.041    0.787    0.550  300.000   76.540   29.041
2456100.89953       -2.007    2.643    -9598.227    3.247        17.751    2.540    -9600.275    3.150       17.751    2.540  -25.216   20.342   -0.517    2.748   0.5784   0.0031   0.1799   0.0039   0.2382   0.0048   0        6.889       49.865        0.013      -10.000       29.100 2456100.89876  20.131000  20.127000     0.000       NaN    0.000    -1.561    0.729   -2.048    0.787    0.510  300.000  -25.092   20.579
2456100.90334        1.339    2.776    -9596.539    3.393        21.096    2.679    -9598.594    3.301       21.096    2.679    8.139   20.624    0.109    2.644   0.5790   0.0033   0.1850   0.0041   0.2292   0.0050   0        6.891       49.794        0.033      -10.000       27.800 2456100.90257  20.121000  20.117000     0.000       NaN    0.000    -1.562    0.729   -2.055    0.787    0.500  300.000    8.163   20.778
2456100.90725        0.007    3.049    -9597.228    3.747        19.763    2.960    -9599.291    3.664       19.763    2.960  -35.470   26.611    3.207    2.458   0.5758   0.0036   0.1696   0.0046   0.2349   0.0057   0        6.889       49.751        0.034      -10.000       25.500 2456100.90648  20.111000  20.107000     0.000       NaN    0.000    -1.563    0.729   -2.063    0.787    0.520  300.000  -35.389   26.694
2456100.91125       -2.771    3.535    -9596.040    4.210        16.984    3.459    -9598.111    4.136       16.984    3.459  -35.236   32.196    7.388    3.338   0.5849   0.0041   0.1807   0.0055   0.2274   0.0067   0        6.900       49.788        0.005      -10.000       22.400 2456100.91047  20.101000  20.096000     0.000       NaN    0.000    -1.564    0.729   -2.071    0.787    0.460  300.000  -35.311   32.242
2456100.91530       -5.845    3.262    -9599.072    3.972        13.909    3.179    -9601.150    3.893       13.909    3.179  -25.125   31.830    1.051    2.873   0.5762   0.0038   0.1803   0.0050   0.2251   0.0061   0        6.899       49.810        0.035      -10.000       23.900 2456100.91452  20.091000  20.086000     0.000       NaN    0.000    -1.565    0.729   -2.078    0.787    0.520  300.000  -25.519   31.821
2456100.91907       -2.406    2.621    -9596.800    3.203        17.347    2.517    -9598.885    3.105       17.347    2.517   -7.176   21.669    1.117    2.201   0.5732   0.0031   0.1854   0.0038   0.2306   0.0047   0        6.919       49.804        0.038      -10.000       29.500 2456100.91830  20.081000  20.077000     0.000       NaN    0.000    -1.566    0.729   -2.085    0.787    0.500  300.000   -7.195   21.802
2456100.92298       -0.762    2.766    -9602.213    3.388        18.990    2.668    -9604.306    3.295       18.990    2.668   -6.837   24.379    2.161    2.316   0.5770   0.0033   0.1897   0.0041   0.2465   0.0051   0        6.907       49.811        0.018      -10.000       28.000 2456100.92221  20.072000  20.067000     0.000       NaN    0.000    -1.567    0.729   -2.093    0.787    0.520  300.000   -6.643   24.551
2456101.70431      -43.238    1.623    -9640.472    1.965       -22.794    1.499    -9643.088    1.796      -22.794    1.499   -0.360   12.274   12.664    1.468   0.5780   0.0021   0.1822   0.0024   0.2295   0.0029   0        6.935       49.820        0.032      -10.000       43.100 2456101.70353  20.307000  20.302000     0.000       NaN    0.000    -0.875    0.623   -2.616    0.798    0.510  600.000   -0.527   12.161
2456101.94059      -46.950    1.541    -9641.167    1.828       -26.570    1.409    -9644.234    1.645      -26.570    1.409   14.047   10.925   10.283    1.352   0.5762   0.0020   0.1811   0.0022   0.2318   0.0027   0        6.921       49.927        0.041      -10.000       45.500 2456101.93982  19.675000  19.670000     0.000       NaN    0.000    -0.939    0.623   -3.067    0.798    0.480  600.000   14.045   11.227
2456102.73291      -20.485    1.275    -9613.673    1.365         0.636    0.930    -9614.572    0.932        0.636    0.930    3.432    8.355    3.836    0.791   0.5788   0.0013   0.1824   0.0014   0.2276   0.0017   0        6.917       50.020        0.039      -10.000       65.800 2456102.73214  19.877000  19.873000     0.000       NaN    0.000    -0.198    0.872   -0.899    0.998    0.510  600.000    3.420    8.356
2456102.91524      -10.348    1.316    -9603.434    1.418        10.723    0.986    -9604.681    1.007       10.723    0.986    7.663    7.381    7.225    1.350   0.5750   0.0014   0.1863   0.0015   0.2351   0.0018   0        6.928       49.985        0.038      -10.000       62.600 2456102.91447  19.373000  19.368000     0.000       NaN    0.000    -0.248    0.872   -1.247    0.998    0.490  600.000    7.752    7.519
2456103.71963       10.859    1.299    -9579.960    1.394        31.844    0.963    -9581.256    0.974       31.844    0.963   -0.033    8.168    5.500    1.264   0.5732   0.0014   0.1793   0.0014   0.2341   0.0018   0        6.847       50.582        0.048      -10.000       64.000 2456103.71886  19.544000  19.540000     0.000       NaN    0.000    -0.334    0.872   -1.296    0.998    0.510  600.001   -0.074    7.770
2456103.92895       10.650    1.434    -9580.312    1.580        31.579    1.138    -9582.007    1.225       31.579    1.138    0.901    9.294    5.698    1.144   0.5743   0.0017   0.1809   0.0018   0.2316   0.0022   0        6.843       50.549        0.046      -10.000       54.000 2456103.92817  18.973000  18.968000     0.000       NaN    0.000    -0.390    0.872   -1.695    0.998    0.550  600.000    0.812    9.000
