2453145.55234      -11.320    1.035    43639.701    1.098       -23.483    0.558    43638.720    0.534      -23.483    0.558    1.796    4.826  -24.204    1.771   0.5193   0.0008   0.1943   0.0009   0.2549   0.0011   0        6.151       48.842        0.002       43.448       94.700 2453145.55159 -20.377000 -20.382000     0.560       NaN    0.000    -0.469    0.872   -0.981    0.959    0.510  900.002    1.784    4.753
2453151.57460       -7.275    0.743    43642.221    0.944       -20.413    0.549    43641.729    0.499      -20.413    0.549   11.074    4.398  -17.879    1.604   0.5213   0.0007   0.1928   0.0007   0.2571   0.0010   0        6.161       48.726        0.004       43.448      111.000 2453151.57386 -21.478000 -21.482000    -0.048       NaN    0.000    -1.444    0.501   -0.492    0.801    0.490  900.000   11.073    4.318
2453202.47690       15.634    0.973    43665.253    1.065         1.986    0.433    43664.416    0.371        1.986    0.433    9.417    3.575  -24.308    1.334   0.5157   0.0005   0.1939   0.0006   0.2548   0.0007   0        6.152       48.812        0.002       43.400      143.000 2453202.47615 -21.064000 -21.068000     0.408       NaN    0.003    -1.954    0.872   -0.840    0.998    0.510  900.001    9.426    3.581
2453205.45415       15.450    0.955    43665.310    1.058         1.896    0.389    43664.637    0.351        1.896    0.389    7.265    3.698  -26.689    1.402   0.5221   0.0005   0.1935   0.0005   0.2555   0.0007   0        6.150       48.831        0.003       43.400      153.000 2453205.45340 -20.511000 -20.515000     0.427       NaN    0.003    -1.860    0.872   -0.676    0.998    0.520  899.999    7.268    3.705
2453310.85629        7.201    0.934    43655.589    1.046        -6.554    0.353    43654.587    0.314       -6.554    0.353    2.962    3.308  -25.770    1.451   0.5169   0.0005   0.1932   0.0005   0.2512   0.0006   0        6.155       48.839        0.002       43.400      170.900 2453310.85554  16.154000  16.149000     0.632       NaN    0.009    -2.061    0.865   -1.011    0.998    0.490  900.002    2.985    3.284
2453343.85513       14.179    0.953    43662.486    1.045         1.711    0.384    43661.957    0.333        1.711    0.384    6.453    3.268  -18.551    1.442   0.5190   0.0005   0.1888   0.0005   0.2507   0.0007   0        6.156       48.798        0.003       43.400      155.500 2453343.85438  23.188000  23.183000     0.454       NaN    0.011    -0.774    0.872   -0.540    0.991    0.500  900.002    6.404    3.282
2453377.84269       -6.635    0.748    43642.982    1.012       -19.093    0.322    43642.387    0.278      -19.093    0.322    5.910    3.085  -20.203    1.218   0.5167   0.0004   0.1907   0.0004   0.2535   0.0006   0        6.155       48.805        0.004       43.400      184.200 2453377.84194  22.608000  22.603000     0.399       NaN    0.013    -0.764    0.675   -0.608    0.973    0.510  899.981    5.874    2.955
2453400.79722      -14.382    1.213    43634.153    1.276       -26.453    0.844    43633.985    0.796      -26.453    0.844   -0.716    6.606  -28.420    2.067   0.5144   0.0012   0.1936   0.0013   0.2497   0.0016   0        6.160       48.867        0.006       43.400       68.600 2453400.79648  17.700000  17.696000    -0.242       NaN    0.015    -0.377    0.872   -0.183    0.998    0.500  899.983   -0.727    6.533
2453410.80709      -18.556    0.952    43631.308    1.051       -30.336    0.382    43631.211    0.331      -30.336    0.382    4.111    3.580  -26.171    1.284   0.5154   0.0005   0.1927   0.0005   0.2509   0.0007   0        6.148       48.864        0.000       43.400      152.800 2453410.80634  14.564000  14.560000     0.010       NaN    0.015    -0.086    0.872   -0.112    0.998    0.490  900.000    4.124    3.405
2453465.67760       21.093    0.949    43672.187    1.050         8.466    0.374    43670.585    0.328        8.466    0.374    2.263    3.275  -19.528    1.091   0.5173   0.0005   0.1937   0.0005   0.2563   0.0007   0        6.157       48.808        0.003       43.400      158.700 2453465.67685  -6.783000  -6.787000     0.019       NaN    0.018    -0.933    0.872   -1.620    0.998    0.510  899.982    2.239    3.307
2453468.54187       20.860    0.837    43671.339    1.072         8.206    0.450    43669.996    0.392        8.206    0.450    6.025    4.321  -27.915    1.194   0.5181   0.0006   0.1941   0.0006   0.2544   0.0008   0        6.148       48.873        0.002       43.400      130.800 2453468.54112  -7.618000  -7.622000     0.191       NaN    0.018    -0.960    0.706   -1.361    0.998    0.500  900.001    6.012    4.345
2453542.52226      -11.548    0.966    43638.033    1.058       -23.584    0.417    43638.197    0.352      -23.584    0.417    6.495    4.291  -16.029    1.251   0.5220   0.0005   0.1900   0.0006   0.2564   0.0007   0        6.153       48.748        0.001       43.400      144.000 2453542.52151 -23.327000 -23.332000     0.702       NaN    0.023    -0.342    0.872    0.141    0.998    0.470  900.002    6.479    4.181
2453671.86952       -4.795    0.979    43643.790    1.067       -16.743    0.446    43643.886    0.377      -16.743    0.446   -1.805    5.045   -5.564    1.141   0.5151   0.0006   0.1956   0.0006   0.2570   0.0008   0        6.170       48.664        0.003       43.400      135.600 2453671.86877  14.813000  14.808000    -0.270       NaN    0.030    -0.254    0.872    0.066    0.998    0.520  900.002   -1.829    4.985
2453699.84407      -14.335    1.077    43635.341    1.126       -25.891    0.632    43635.085    0.521      -25.891    0.632   11.324    4.977  -25.260    1.666   0.5203   0.0008   0.1923   0.0009   0.2565   0.0011   0        6.156       48.873        0.003       43.400       96.700 2453699.84332  21.927000  21.923000    -1.034       NaN    0.032     0.138    0.872   -0.288    0.998    0.490  269.999   11.304    4.868
2453699.84753      -13.112    1.090    43636.005    1.134       -24.669    0.655    43635.742    0.538      -24.669    0.655   23.554    6.565  -27.707    1.314   0.5192   0.0008   0.1929   0.0009   0.2565   0.0011   0        6.154       48.893        0.001       43.400       93.800 2453699.84678  21.923000  21.918000    -1.351       NaN    0.032     0.137    0.872   -0.295    0.998    0.480  269.999   23.551    6.486
2453699.85103      -12.893    1.098    43635.578    1.138       -24.450    0.667    43635.309    0.548      -24.450    0.667    1.105    5.082  -26.720    1.461   0.5201   0.0009   0.1943   0.0009   0.2593   0.0012   0        6.155       48.867        0.001       43.400       92.500 2453699.85029  21.918000  21.913000    -1.099       NaN    0.032     0.136    0.872   -0.301    0.998    0.480  269.999    1.082    4.979
2453757.80279       26.090    0.932    43675.989    1.035        14.265    0.329    43675.536    0.277       14.265    0.329    8.867    3.391   -7.503    0.734   0.5132   0.0004   0.1903   0.0004   0.2560   0.0006   0        6.166       48.664        0.005       43.400      182.600 2453757.80215  19.870000  19.866000     0.153       NaN    0.035    -0.131    0.872   -0.488    0.998    0.480  900.002    8.858    3.427
2453762.78392       27.138    0.729    43677.474    0.837        15.044    0.408    43676.829    0.342       15.044    0.408   13.598    3.686   -8.575    0.870   0.5125   0.0006   0.1942   0.0006   0.2558   0.0007   0        6.164       48.673        0.006       43.400      144.100 2453762.78328  18.650000  18.645000    -0.214       NaN    0.035    -0.400    0.604   -0.680    0.764    0.470  900.002   13.582    3.718
2453784.70753       27.091    0.860    43677.293    0.926        13.978    0.400    43675.616    0.333       13.978    0.400    8.615    3.156  -13.481    1.018   0.5130   0.0005   0.1921   0.0005   0.2505   0.0007   0        6.159       48.737        0.004       43.400      151.200 2453784.70690  11.727000  11.722000    -0.034       NaN    0.036    -1.419    0.762   -1.713    0.864    0.500  900.000    8.608    3.186
2453862.58452       -3.351    0.945    43647.025    1.044       -14.813    0.364    43647.242    0.307      -14.813    0.364    4.528    3.113   -8.995    0.846   0.5174   0.0005   0.1948   0.0005   0.2547   0.0006   0        6.170       48.662        0.006       43.400      166.700 2453862.58389 -17.289000 -17.293000    -0.183       NaN    0.041     0.232    0.872    0.176    0.998    0.480  900.000    4.502    3.036
2453864.58691       -6.323    0.889    43645.694    0.755       -17.371    0.366    43645.969    0.307      -17.371    0.366    7.400    3.387  -10.651    0.796   0.5228   0.0005   0.1913   0.0005   0.2513   0.0006   0        6.165       48.668        0.006       43.400      167.600 2453864.58627 -17.819000 -17.823000    -0.476       NaN    0.041     0.646    0.810    0.234    0.690    0.480  900.000    7.385    3.303
2453883.52736       12.750    0.785    43662.841    0.854        -0.047    0.279    43662.277    0.230       -0.047    0.279    6.689    2.555  -12.393    0.804   0.5173   0.0004   0.1900   0.0004   0.2559   0.0005   0        6.162       48.696        0.004       43.400      219.800 2453883.52672 -21.609000 -21.614000     0.000       NaN    0.042    -1.103    0.734   -0.606    0.822    0.500 1000.001    6.674    2.556
2454139.79365       -8.466    0.732    43642.414    0.838       -22.527    0.305    43639.324    0.256      -22.527    0.305    7.449    2.738   -7.277    0.663   0.5143   0.0004   0.1903   0.0004   0.2566   0.0005   0        6.171       48.649        0.006       43.400      198.300 2454139.79301  15.104000  15.099000    -0.054       NaN    0.057    -2.367    0.665   -3.147    0.798    0.480  900.002    7.443    2.616
2454199.61281       28.576    0.726    43678.236    1.016        16.945    0.429    43678.781    0.359       16.945    0.429    6.727    4.291   -8.041    0.767   0.5216   0.0006   0.1914   0.0006   0.2542   0.0008   0        6.176       48.629        0.004       43.400      136.400 2454199.61217  -7.963000  -7.968000     0.429       NaN    0.060     0.063    0.585    0.485    0.951    0.490  900.000    6.705    4.329
2454228.65847       19.148    0.908    43670.250    0.875         5.977    0.421    43668.258    0.362        5.977    0.421    6.124    4.250   -3.521    0.808   0.5210   0.0005   0.1912   0.0006   0.2569   0.0007   0        6.180       48.610        0.008       43.400      145.800 2454228.65784 -17.617000 -17.622000     0.238       NaN    0.062    -1.477    0.805   -2.054    0.797    0.490  899.998    6.104    4.266
2454229.58225       16.610    0.942    43667.121    0.892         5.159    0.530    43667.147    0.452        5.159    0.530    6.511    4.619   -6.705    0.747   0.5226   0.0007   0.1908   0.0007   0.2558   0.0010   0        6.183       48.616        0.007       43.400      111.600 2454229.58161 -17.731000 -17.735000    -0.274       NaN    0.062     0.243    0.778   -0.036    0.769    0.490  900.000    6.483    4.631
2454230.66945       12.866    0.766    43664.154    0.872         0.370    0.315    43663.020    0.267        0.370    0.315    2.973    3.722   -8.398    0.619   0.5182   0.0004   0.1957   0.0004   0.2563   0.0006   0        6.177       48.623        0.006       43.400      190.600 2454230.66881 -18.153000 -18.158000     0.122       NaN    0.062    -0.802    0.698   -1.196    0.830    0.500  900.000    2.959    3.725
2454231.59550       11.722    0.933    43662.377    0.908         1.843    0.439    43663.987    0.378        1.843    0.439   -2.037    3.960   -3.663    0.879   0.5182   0.0006   0.1939   0.0006   0.2575   0.0008   0        6.181       48.595        0.005       43.400      136.200 2454231.59487 -18.273000 -18.277000     0.393       NaN    0.062     1.815    0.823    1.548    0.826    0.500  900.001   -2.034    3.968
2454232.57499       11.267    1.001    43661.923    1.085        -0.275    0.493    43661.723    0.427       -0.275    0.493    9.365    5.042   -1.260    0.807   0.5170   0.0007   0.1901   0.0007   0.2560   0.0009   0        6.183       48.573        0.005       43.400      120.000 2454232.57435 -18.478000 -18.482000    -0.028       NaN    0.062     0.152    0.872   -0.262    0.998    0.530  900.000    9.358    5.042
2454233.57799       11.822    0.869    43662.342    0.809         0.219    0.486    43662.663    0.417        0.219    0.486    3.559    4.672    2.451    0.932   0.5247   0.0006   0.1943   0.0007   0.2561   0.0009   0        6.187       48.538        0.003       43.400      124.100 2454233.57734 -18.728000 -18.733000     0.163       NaN    0.062     0.091    0.720    0.259    0.694    0.460  899.997    3.535    4.673
2454234.52757       10.786    0.758    43662.147    0.734         0.100    0.389    43662.478    0.333        0.100    0.389   -2.299    3.465   -0.112    0.630   0.5176   0.0005   0.1951   0.0005   0.2567   0.0007   0        6.185       48.563        0.007       43.400      153.700 2454234.52694 -18.853000 -18.858000     0.682       NaN    0.062     1.008    0.651    0.269    0.654    0.520  899.995   -2.302    3.468
2454295.48802       -1.595    0.934    43649.285    0.904       -13.495    0.558    43650.288    0.479      -13.495    0.558    4.263    4.593    8.150    1.026   0.5201   0.0007   0.1909   0.0008   0.2559   0.0010   0        6.196       48.465        0.003       43.400      108.500 2454295.48737 -21.504000 -21.508000     0.000       NaN    0.066    -0.206    0.749    0.937    0.766    0.460  900.001    4.267    4.542
2454297.50755       -2.213    0.795    43647.097    0.816       -14.520    0.390    43647.516    0.336      -14.520    0.390   -5.569    3.924    0.977    0.713   0.5191   0.0005   0.1939   0.0005   0.2564   0.0007   0        6.186       48.538        0.007       43.400      155.900 2454297.50691 -21.206000 -21.211000     0.000       NaN    0.066    -0.613    0.693    0.353    0.744    0.490 1072.198   -5.573    3.864
2454299.52180        2.718    1.067    43651.438    1.100        -8.934    0.615    43653.072    0.527       -8.934    0.615    2.267    5.585    8.698    1.179   0.5137   0.0008   0.1905   0.0008   0.2512   0.0011   0        6.196       48.426        0.007       43.400       99.000 2454299.52115 -20.872000 -20.877000     0.000       NaN    0.066     0.042    0.872    1.568    0.966    0.430  899.999    2.255    5.564
2454420.85232        0.251    0.861    43649.735    0.899       -12.020    0.423    43649.003    0.359      -12.020    0.423   -4.889    4.324   10.636    0.802   0.5151   0.0006   0.1912   0.0006   0.2532   0.0007   0        6.197       48.454        0.012       43.400      142.200 2454420.85168  20.021000  20.016000     0.174       NaN    0.073    -0.577    0.750   -0.805    0.824    0.480  899.997   -4.889    4.291
2454421.84859       -2.995    0.771    43647.544    0.953       -14.728    0.352    43647.514    0.297      -14.728    0.352   -4.779    3.254   11.227    0.680   0.5143   0.0005   0.1953   0.0005   0.2572   0.0006   0        6.198       48.457        0.012       43.400      171.100 2454421.84793  20.251000  20.246000     0.338       NaN    0.073    -0.039    0.686   -0.103    0.906    0.420  900.001   -4.767    3.188
2454422.83965       -5.738    0.842    43644.978    0.809       -17.147    0.398    43643.899    0.337      -17.147    0.398  -12.214    3.964   12.073    0.760   0.5159   0.0005   0.1949   0.0005   0.2645   0.0007   0        6.199       48.466        0.011       43.400      154.200 2454422.83900  20.481000  20.476000     0.091       NaN    0.073     0.285    0.742   -1.152    0.735    0.500  900.001  -12.208    3.907
2454424.85338       -9.694    0.616    43641.038    0.545       -20.176    0.338    43641.616    0.282      -20.176    0.338   -6.173    3.505    7.600    0.659   0.5147   0.0004   0.1908   0.0004   0.2521   0.0006   0        6.195       48.494        0.011       43.400      181.800 2454424.85274  20.884000  20.879000     0.273       NaN    0.073     1.212    0.515    0.505    0.467    0.470  899.997   -6.156    3.419
2454425.83174      -10.283    0.876    43639.884    0.598       -20.555    0.413    43639.972    0.348      -20.555    0.413  -10.892    3.821    6.726    0.639   0.5153   0.0005   0.1938   0.0005   0.2572   0.0007   0        6.195       48.492        0.007       43.400      148.500 2454425.83111  21.111000  21.106000     0.574       NaN    0.073     1.422    0.773    0.015    0.487    0.500  899.997  -10.872    3.745
2454426.84165       -7.913    0.571    43641.476    0.579       -19.390    0.335    43641.500    0.281      -19.390    0.335   -3.414    2.757    7.272    0.641   0.5158   0.0004   0.1931   0.0004   0.2566   0.0006   0        6.194       48.493        0.009       43.400      182.700 2454426.84100  21.293000  21.288000     0.398       NaN    0.073     0.217    0.462   -0.049    0.506    0.470  900.001   -3.411    2.649
2454427.83983       -4.995    0.666    43644.870    0.718       -16.815    0.323    43644.589    0.270      -16.815    0.323   -5.698    3.289    7.202    0.584   0.5142   0.0004   0.1905   0.0004   0.2557   0.0005   0        6.192       48.497        0.008       43.400      189.400 2454427.83920  21.484000  21.479000     0.309       NaN    0.073    -0.126    0.582   -0.354    0.665    0.500  899.997   -5.715    3.212
2454428.85115       -4.597    0.967    43644.336    0.675       -15.770    0.418    43644.731    0.350      -15.770    0.418   -9.881    4.135   10.367    0.702   0.5171   0.0005   0.1906   0.0006   0.2504   0.0007   0        6.192       48.473        0.008       43.400      148.300 2454428.85051  21.651000  21.646000     0.447       NaN    0.073     0.521    0.872    0.322    0.577    0.480  900.000   -9.881    4.081
2454429.82983       -3.251    0.922    43645.995    1.023       -12.774    0.458    43648.574    0.389      -12.774    0.458  -10.729    4.114   10.384    0.828   0.5155   0.0006   0.1934   0.0006   0.2569   0.0008   0        6.194       48.475        0.008       43.400      133.100 2454429.82919  21.855000  21.850000     1.029       NaN    0.073     2.170    0.801    2.506    0.946    0.480  900.002  -10.745    4.070
2454445.85410        4.245    0.866    43653.833    0.835        -7.913    0.352    43653.395    0.298       -7.913    0.352   -0.381    3.414    7.215    0.564   0.5163   0.0005   0.1913   0.0005   0.2577   0.0006   0        6.192       48.511        0.004       43.400      172.600 2454445.85346  23.737000  23.732000     0.038       NaN    0.074    -0.464    0.791   -0.512    0.781    0.490  900.000   -0.428    3.363
2454446.84366        6.518    0.894    43655.708    0.945        -4.914    0.335    43655.745    0.282       -4.914    0.335   -8.430    2.949   10.383    0.603   0.5158   0.0004   0.1909   0.0004   0.2579   0.0006   0        6.195       48.486        0.004       43.400      181.300 2454446.84302  23.814000  23.809000     0.763       NaN    0.074     0.262    0.829   -0.037    0.902    0.490  900.000   -8.476    2.921
2454447.85892        8.902    0.628    43658.648    0.640        -2.697    0.315    43658.006    0.264       -2.697    0.315   -0.309    2.718   10.180    0.515   0.5167   0.0004   0.1912   0.0004   0.2570   0.0005   0        6.194       48.474        0.006       43.400      193.200 2454447.85828  23.834000  23.829000    -0.308       NaN    0.074     0.095    0.543   -0.716    0.583    0.500  900.000   -0.359    2.699
2454448.84498       10.335    0.828    43659.916    0.797        -0.998    0.393    43660.100    0.333       -0.998    0.393    3.074    3.546   13.379    0.771   0.5209   0.0005   0.1910   0.0005   0.2531   0.0007   0        6.199       48.452        0.006       43.400      155.200 2454448.84435  23.903000  23.898000     0.186       NaN    0.074     0.361    0.729    0.110    0.724    0.490  900.000    3.033    3.544
2454453.84573        8.722    0.628    43658.753    0.708        -1.734    0.350    43660.039    0.294       -1.734    0.350   -1.799    3.459   12.553    0.699   0.5134   0.0005   0.1876   0.0005   0.2496   0.0006   0        6.200       48.443        0.009       43.400      175.200 2454453.84509  23.995000  23.990000    -0.245       NaN    0.075     1.238    0.521    1.211    0.644    0.500  900.000   -1.843    3.451
2454479.83941       35.117    0.932    43685.773    1.035        24.100    0.330    43685.967    0.276       24.100    0.330   -2.462    3.010   20.228    0.935   0.5158   0.0004   0.1905   0.0004   0.2536   0.0006   0        6.215       48.370        0.013       43.400      190.700 2454479.83876  21.594000  21.589000     0.543       NaN    0.076     0.677    0.872    0.118    0.998    0.490  900.000   -2.461    3.036
2454480.78241       36.934    0.699    43687.435    0.649        25.333    0.387    43687.223    0.322       25.333    0.387   -8.497    3.417   18.651    0.919   0.5143   0.0005   0.1891   0.0005   0.2563   0.0007   0        6.216       48.379        0.015       43.400      160.200 2454480.78176  21.534000  21.529000    -0.121       NaN    0.076     0.093    0.583   -0.288    0.563    0.430  900.000   -8.506    3.462
2454481.82060       32.338    0.943    43681.866    0.774        21.326    0.359    43682.582    0.300       21.326    0.359   -7.569    3.581   16.066    0.928   0.5179   0.0005   0.1929   0.0005   0.2568   0.0006   0        6.210       48.405        0.016       43.400      172.800 2454481.81996  21.250000  21.245000     0.188       NaN    0.076     0.682    0.872    0.640    0.714    0.480  900.000   -7.569    3.614
2454482.80451       31.324    0.912    43681.862    0.908        19.604    0.340    43681.757    0.285       19.604    0.340  -10.433    3.590   14.953    0.691   0.5138   0.0004   0.1929   0.0005   0.2577   0.0006   0        6.211       48.426        0.014       43.400      181.000 2454482.80387  21.084000  21.079000    -0.103       NaN    0.076    -0.026    0.846   -0.181    0.862    0.510  900.000  -10.415    3.626
2454483.76797       29.723    0.607    43679.902    0.704        19.790    0.318    43681.589    0.265       19.790    0.318   -8.327    3.064   10.437    0.718   0.5148   0.0004   0.1897   0.0004   0.2517   0.0005   0        6.205       48.453        0.013       43.400      193.400 2454483.76732  20.958000  20.953000     0.235       NaN    0.076     1.761    0.517    1.611    0.652    0.480  900.000   -8.309    3.102
2454484.76746       30.775    0.937    43680.998    1.039        19.777    0.343    43681.329    0.290       19.777    0.343   -8.790    3.815    8.996    0.676   0.5158   0.0005   0.1906   0.0005   0.2567   0.0006   0        6.199       48.474        0.014       43.400      177.600 2454484.76682  20.744000  20.739000     0.311       NaN    0.076     0.696    0.872    0.255    0.998    0.490  900.000   -8.786    3.847
2454486.76134       33.363    0.953    43683.433    1.050        22.367    0.385    43683.777    0.327       22.367    0.385   -1.810    3.630    8.003    0.795   0.5154   0.0005   0.1947   0.0005   0.2561   0.0007   0        6.196       48.491        0.008       43.400      156.900 2454486.76069  20.311000  20.306000    -0.223       NaN    0.077     0.698    0.872    0.267    0.998    0.490  900.000   -1.795    3.659
2454529.74954        9.943    0.919    43660.472    1.027        -1.587    0.292    43660.339    0.243       -1.587    0.292   -1.737    2.703    3.805    0.619   0.5146   0.0004   0.1968   0.0004   0.2533   0.0005   0        6.193       48.516        0.011       43.400      213.200 2454529.74890   6.001000   5.996000     1.796       NaN    0.079     0.164    0.872   -0.212    0.998    0.500  900.000   -1.735    2.705
2454570.59675       -4.871    0.975    43644.878    0.880       -15.820    0.436    43646.162    0.363      -15.820    0.436    1.242    4.537    1.790    0.898   0.5169   0.0006   0.1954   0.0006   0.2508   0.0008   0        6.195       48.526        0.006       43.400      140.000 2454570.59611 -10.090000 -10.095000    -0.493       NaN    0.081     0.744    0.872    1.203    0.802    0.500  800.000    1.243    4.479
2455288.66174       -6.578    0.673    43644.372    0.668       -18.121    0.314    43644.893    0.266      -18.121    0.314    1.030    3.245   13.572    0.910   0.5201   0.0004   0.1951   0.0004   0.2521   0.0005   0        6.205       48.414        0.011       43.400      195.400 2455288.66097  -5.447000  -5.451000    -0.369       NaN    0.122     0.151    0.595    0.399    0.613    0.500  899.999    1.022    3.163
2455296.59079      -13.613    0.966    43639.906    0.789       -25.439    0.416    43636.874    0.354      -25.439    0.416   13.274    3.274    2.136    0.978   0.5155   0.0006   0.1951   0.0006   0.2566   0.0007   0        6.195       48.502        0.010       43.400      142.600 2455296.59001  -8.386000  -8.391000     0.197       NaN    0.123    -0.132    0.872   -3.155    0.706    0.500  900.007   13.247    3.099
2455923.83516       19.719    0.642    43670.683    0.734         8.412    0.330    43670.121    0.284        8.412    0.330   -7.227    3.368   10.387    0.727   0.5154   0.0004   0.1880   0.0004   0.2534   0.0005   0        6.193       48.466        0.005       43.400      192.900 2455923.83438  23.734000  23.729000    -0.261       NaN    0.159     0.387    0.551   -0.721    0.677    0.480  900.005   -7.264    3.409
2455956.80818       12.911    0.781    43663.093    0.785         0.454    0.369    43662.240    0.322        0.454    0.369    1.287    3.426    1.298    0.788   0.5119   0.0005   0.1938   0.0005   0.2514   0.0006   0        6.185       48.550        0.004       43.400      163.200 2455956.80741  17.889000  17.884000    -0.531       NaN    0.160    -0.763    0.689   -1.013    0.716    0.500  900.006    1.281    3.427
2456004.67452      -21.965    0.596    43629.454    0.511       -34.018    0.393    43628.440    0.341      -34.018    0.393    5.963    3.907   -0.025    0.952   0.5154   0.0005   0.1944   0.0005   0.2559   0.0007   0        6.182       48.570        0.004       43.400      161.600 2456004.67375   0.432000   0.427000    -0.655       NaN    0.163    -0.359    0.448   -1.177    0.381    0.490  899.994    5.956    3.717
2456022.74253      -16.693    0.666    43633.828    0.728       -28.465    0.474    43633.641    0.411      -28.465    0.474    1.310    4.232    5.765    0.825   0.5217   0.0006   0.1944   0.0006   0.2509   0.0008   0        6.192       48.504        0.003       43.400      133.900 2456022.74176  -7.013000  -7.017000    -0.385       NaN    0.164    -0.078    0.468   -0.351    0.601    0.480  900.000    1.292    4.084
2456083.56550       15.670    0.836    43666.969    0.827         3.237    0.616    43666.441    0.526        3.237    0.616    4.169    5.817   11.915    1.171   0.5143   0.0008   0.1948   0.0008   0.2563   0.0010   0        6.201       48.397        0.009       43.400      104.500 2456083.56472 -22.709000 -22.714000    -0.045       NaN    0.168    -0.739    0.565   -0.696    0.638    0.470  900.000    4.158    5.822
2456291.81904      -27.910    0.704    43622.078    1.038       -39.550    0.446    43622.110    0.384      -39.550    0.446   -4.929    6.045    1.883    1.156   0.5177   0.0006   0.1910   0.0006   0.2558   0.0007   0        6.175       48.567        0.003       43.400      144.600 2456291.81826  23.548000  23.543000     0.128       NaN    0.180     0.054    0.545   -0.148    0.964    0.490  900.000   -4.927    5.925
2456326.81669      -21.291    0.888    43628.785    0.878       -33.521    0.474    43628.327    0.410      -33.521    0.474   -2.443    6.694    6.014    1.336   0.5162   0.0006   0.1938   0.0006   0.2562   0.0008   0        6.189       48.515        0.006       43.400      131.000 2456326.81590  16.480000  16.475000     0.374       NaN    0.181    -0.536    0.751   -0.639    0.776    0.500  900.001   -2.439    6.603
2456361.79767        8.486    0.927    43658.672    1.071        -3.791    0.629    43657.896    0.534       -3.791    0.629  -11.716    6.362    3.088    1.538   0.5184   0.0008   0.1936   0.0008   0.2549   0.0011   0        6.188       48.522        0.005       43.400      100.500 2456361.79689   3.545000   3.541000    -0.124       NaN    0.183    -0.583    0.681   -0.959    0.929    0.510  600.001  -11.730    6.355
2456409.68650      -12.247    1.493    43640.136    1.502       -24.310    1.212    43639.802    1.123      -24.310    1.212   -9.883   12.051   10.459    2.416   0.5161   0.0015   0.2003   0.0016   0.2533   0.0020   0        6.185       48.461        0.004       43.400       56.900 2456409.68572 -14.627000 -14.632000    -0.247       NaN    0.186    -0.369    0.872   -0.520    0.998    0.450  900.000   -9.889   12.011
2456451.53040      -28.656    1.005    43620.386    1.088       -41.657    0.501    43619.440    0.435      -41.657    0.501   -1.825    5.176    0.725    1.365   0.5210   0.0006   0.1934   0.0006   0.2531   0.0008   0        6.182       48.557        0.002       43.400      128.400 2456451.52961 -22.908000 -22.913000    -0.265       NaN    0.189    -1.307    0.872   -1.135    0.998    0.500  900.000   -1.833    5.028
2456739.65006      -30.236    0.679    43619.384    0.656       -42.256    0.472    43619.214    0.410      -42.256    0.472   -4.429    4.791    9.877    1.476   0.5164   0.0006   0.1948   0.0006   0.2572   0.0008   0        6.198       48.470        0.006       43.400      133.000 2456739.64928  -1.357000  -1.362000     0.121       NaN    0.205    -0.326    0.488   -0.375    0.513    0.490  900.003   -4.440    4.613
2456742.73623      -26.137    0.765    43624.859    0.899       -38.598    0.418    43623.654    0.365      -38.598    0.418  -11.536    4.132    7.897    1.274   0.5209   0.0006   0.1947   0.0006   0.2569   0.0007   0        6.197       48.488        0.001       43.400      146.500 2456742.73545  -2.796000  -2.801000     0.231       NaN    0.205    -0.767    0.641   -1.410    0.822    0.480  900.001  -11.537    3.940
2456746.75029      -28.503    0.681    43623.060    0.598       -38.909    0.432    43623.972    0.375      -38.909    0.432   -4.912    4.185    7.342    1.299   0.5188   0.0006   0.1955   0.0006   0.2546   0.0007   0        6.192       48.500        0.007       43.400      148.300 2456746.74951  -4.453000  -4.458000    -0.021       NaN    0.205     1.288    0.527    0.707    0.466    0.490  900.001   -4.901    4.015
2457037.71784      -35.310    0.997    43614.275    1.080       -47.772    0.483    43613.717    0.413      -47.772    0.483    1.183    3.892    2.750    1.831   0.5160   0.0006   0.1904   0.0006   0.2510   0.0008   0        6.186       48.584        0.000       43.400      134.900 2457037.71706  21.624000  21.620000     0.000       NaN    0.222    -0.768    0.872   -0.780    0.998    0.510  900.001    1.180    3.728
2457038.72603      -33.693    0.646    43616.871    0.697       -46.427    0.426    43615.851    0.366      -46.427    0.426   -8.388    4.358    3.391    1.262   0.5174   0.0005   0.1894   0.0005   0.2525   0.0007   0        6.182       48.560        0.001       43.400      152.200 2457038.72525  21.416000  21.411000     0.299       NaN    0.222    -1.040    0.486   -1.242    0.594    0.490  900.001   -8.383    4.185
2457046.80261      -31.339    0.748    43617.469    0.760       -43.501    0.405    43617.189    0.352      -43.501    0.405    6.305    3.821    5.961    1.326   0.5184   0.0005   0.1935   0.0005   0.2512   0.0007   0        6.188       48.540        0.003       43.400      159.800 2457046.80182  19.445000  19.440000     0.234       NaN    0.223    -0.468    0.629   -0.503    0.674    0.510  900.001    6.305    3.638
2457050.77663      -28.782    0.981    43622.342    0.918       -40.593    0.449    43620.993    0.389      -40.593    0.449   -5.639    3.763    5.449    1.249   0.5136   0.0006   0.1912   0.0006   0.2554   0.0007   0        6.183       48.535        0.003       43.400      145.000 2457050.77585  18.454000  18.450000     0.583       NaN    0.223    -0.117    0.872   -1.572    0.831    0.530  900.002   -5.642    3.554
2457100.74775        4.447    0.837    43654.382    0.753        -8.062    0.555    43653.970    0.473       -8.062    0.555    3.104    5.605    0.861    1.487   0.5147   0.0007   0.1941   0.0007   0.2533   0.0009   0        6.184       48.581        0.002       43.400      113.300 2457100.74696   0.156000   0.152000     0.109       NaN    0.226    -0.815    0.627   -0.638    0.586    0.510  900.000    3.064    5.581
2457102.75520        2.777    1.489    43652.585    1.499        -9.569    1.207    43652.267    1.119       -9.569    1.207    7.314    9.942    4.634    2.675   0.5159   0.0015   0.1930   0.0016   0.2567   0.0021   0        6.188       48.540       -0.001       43.400       56.600 2457102.75442  -0.690000  -0.694000    -0.568       NaN    0.226    -0.652    0.872   -0.544    0.998    0.430  900.001    7.273    9.926
2457138.62505      -25.502    0.678    43624.797    0.643       -36.556    0.505    43626.178    0.435      -36.556    0.505   -2.934    5.021    2.584    1.536   0.5156   0.0006   0.1975   0.0006   0.2514   0.0008   0        6.185       48.582        0.001       43.400      129.300 2457138.62426 -14.035000 -14.040000     1.555       NaN    0.228     0.640    0.452    1.153    0.474    0.500  900.001   -2.930    4.874
2457141.53610      -26.448    0.824    43623.628    0.936       -40.141    0.398    43622.313    0.346      -40.141    0.398    6.301    3.789   -0.824    1.310   0.5187   0.0005   0.1942   0.0005   0.2523   0.0007   0        6.179       48.589        0.000       43.400      161.500 2457141.53532 -14.768000 -14.772000    -0.121       NaN    0.228    -1.999    0.722   -1.543    0.870    0.480  900.001    6.298    3.550
2457395.79499        8.301    0.805    43663.533    0.720        10.484    0.691    43662.027    0.596       10.484    0.691    9.765    7.871   -1.867    1.171   0.5219   0.0010   0.1926   0.0010   0.2524   0.0012   0        6.200       48.446        0.019       43.400       85.900 2457395.79419  22.688000  22.684000    -0.065       NaN    0.242    -1.385    0.413   -1.748    0.405    0.510  899.998    9.751    7.887
2457399.77416        8.372    0.834    43663.660    0.787        13.774    0.608    43665.295    0.527       13.774    0.608    6.907    7.841   -6.611    1.109   0.5237   0.0009   0.1889   0.0009   0.2524   0.0011   0        6.196       48.480        0.017       43.400       94.700 2457399.77337  22.102000  22.097000    -2.607       NaN    0.243     1.834    0.571    1.392    0.585    0.510  899.998    6.889    7.855
2457424.65950      -11.526    0.945    43644.872    0.803        -6.634    0.297    43646.313    0.269       -6.634    0.297    9.989    7.128   -3.361    0.602   0.5195   0.0004   0.1936   0.0004   0.2491   0.0005   0        6.195       48.477        0.017       43.400      195.700 2457424.65871  16.155000  16.151000     0.077       NaN    0.244     1.324    0.897    1.197    0.757    0.500  899.998    9.992    7.115
2457429.71850      -10.567    0.817    43645.496    0.789        -7.389    0.500    43645.533    0.444       -7.389    0.500    1.738    5.746   -6.382    0.916   0.5200   0.0008   0.1948   0.0007   0.2540   0.0009   0        6.192       48.497        0.016       43.400      113.600 2457429.71770  14.375000  14.370000    -1.823       NaN    0.244    -0.390    0.646   -0.207    0.652    0.500  899.998    1.725    5.720
2457433.64297      -18.581    0.647    43638.038    0.624       -14.090    0.317    43639.278    0.286      -14.090    0.317   -1.060    5.831   -1.537    0.506   0.5204   0.0005   0.1922   0.0004   0.2533   0.0006   0        6.198       48.454        0.016       43.400      182.700 2457433.64218  13.147000  13.142000     0.020       NaN    0.245     0.923    0.564    0.995    0.554    0.490  899.998   -1.064    5.782
2457460.58035      -25.495    0.591    43631.080    0.607       -21.456    0.433    43632.247    0.384      -21.456    0.433   -2.169    5.821   -5.293    0.679   0.5145   0.0006   0.1947   0.0006   0.2450   0.0007   0        6.196       48.471        0.021       43.400      137.700 2457460.57955   2.728000   2.723000     0.128       NaN    0.246     0.471    0.403    0.921    0.470    0.520  899.998   -2.170    5.745
2457464.55683      -26.264    0.663    43630.734    0.642       -21.709    0.399    43632.576    0.356      -21.709    0.399  -10.061    7.779   -6.554    0.666   0.5188   0.0006   0.1912   0.0006   0.2522   0.0007   0        6.194       48.491        0.019       43.400      146.500 2457464.55604   1.127000   1.122000     0.152       NaN    0.246     0.987    0.529    1.596    0.534    0.480  899.998  -10.078    7.710
2457695.87332        3.906    0.592    43660.059    0.584         7.591    0.371    43660.345    0.335        7.591    0.371   -7.074    4.825    6.373    0.999   0.5171   0.0005   0.1914   0.0005   0.2543   0.0006   0        6.200       48.362        0.019       43.400      159.200 2457695.87252  16.740000  16.735000     0.088       NaN    0.260     0.118    0.461    0.026    0.478    0.500  899.998   -7.086    4.844
2457780.84098       -9.255    0.623    43646.587    0.629        -4.009    0.460    43648.267    0.415       -4.009    0.460   16.535    8.741    2.243    0.643   0.5159   0.0006   0.1952   0.0006   0.2492   0.0008   0        6.202       48.395        0.023       43.400      133.300 2457780.84017  18.464000  18.460000    -0.265       NaN    0.264     1.678    0.420    1.416    0.472    0.520  899.998   16.520    8.732
2457781.80971       -7.409    0.836    43649.299    0.856        -2.173    0.550    43650.813    0.490       -2.173    0.550   24.867    9.754   -1.487    1.058   0.5173   0.0008   0.1923   0.0007   0.2538   0.0009   0        6.202       48.426        0.022       43.400      110.700 2457781.80891  18.264000  18.259000     0.271       NaN    0.265     1.668    0.629    1.249    0.702    0.550  899.998   24.862    9.750
2457782.72095       -4.693    0.683    43651.207    0.801        -4.273    0.333    43648.662    0.301       -4.273    0.333  -14.426    6.455    0.742    0.484   0.5159   0.0005   0.1915   0.0005   0.2531   0.0006   0        6.203       48.414        0.021       43.400      176.400 2457782.72015  18.193000  18.188000    -0.177       NaN    0.265    -3.148    0.596   -2.810    0.742    0.540  899.998  -14.433    6.443
2457783.82570       -4.429    0.967    43650.883    1.132        -1.880    0.314    43651.186    0.290       -1.880    0.314  -15.786    5.253   -1.098    0.549   0.5156   0.0004   0.1934   0.0004   0.2496   0.0005   0        6.199       48.441        0.021       43.400      194.400 2457783.82489  17.660000  17.656000     0.059       NaN    0.265    -1.018    0.915    0.038    1.094    0.510  899.998  -15.794    5.247
2457784.88548       -4.370    0.605    43651.898    0.663        -1.018    0.298    43651.864    0.275       -1.018    0.298    7.506    5.324   -1.267    0.483   0.5231   0.0004   0.1904   0.0004   0.2537   0.0005   0        6.200       48.436        0.022       43.400      209.700 2457784.88467  17.238000  17.233000     0.702       NaN    0.265    -0.216    0.527   -0.299    0.603    0.510  899.998    7.517    5.323
2457795.77927        3.517    0.993    43660.931    0.693         6.217    0.395    43659.197    0.358        6.217    0.395    9.256    6.584   -2.365    0.705   0.5208   0.0006   0.1919   0.0005   0.2535   0.0007   0        6.196       48.450        0.017       43.400      148.500 2457795.77846  13.972000  13.968000    -0.064       NaN    0.265    -0.868    0.911   -1.999    0.594    0.510  899.998    9.244    6.597
2457796.79511        2.771    1.053    43659.462    0.785         6.565    0.353    43659.869    0.321        6.565    0.353   10.207    6.082   -2.625    0.740   0.5189   0.0005   0.1933   0.0005   0.2514   0.0006   0        6.197       48.464        0.017       43.400      163.100 2457796.79431  13.591000  13.586000     0.340       NaN    0.265     0.226    0.992    0.142    0.717    0.510  899.998   10.195    6.100
2457797.79373        2.749    0.785    43659.857    0.543         6.410    0.342    43659.497    0.312        6.410    0.342   -2.429    4.914   -3.892    0.603   0.5170   0.0005   0.1915   0.0005   0.2507   0.0006   0        6.197       48.462        0.018       43.400      168.500 2457797.79293  13.247000  13.242000    -0.174       NaN    0.265     0.093    0.707   -0.625    0.444    0.500  899.998   -2.427    4.934
2457798.74948        3.749    0.718    43660.257    0.615         7.474    0.388    43660.665    0.347        7.474    0.388    9.531    5.941   -3.518    0.712   0.5172   0.0006   0.1945   0.0006   0.2458   0.0007   0        6.198       48.465        0.017       43.400      141.200 2457798.74868  13.004000  12.999000     0.843       NaN    0.265     0.157    0.604    0.143    0.508    0.500  899.998    9.520    5.957
2457799.66168        3.558    0.720    43660.699    0.527         8.878    0.414    43661.943    0.372        8.878    0.414   14.936    6.749   -2.445    0.763   0.5161   0.0006   0.1949   0.0006   0.2499   0.0007   0        6.199       48.466        0.015       43.400      139.600 2457799.66087  12.859000  12.854000     0.265       NaN    0.266     1.752    0.589    0.978    0.373    0.520  899.998   14.950    6.762
2457801.85222        9.260    0.585    43665.732    0.685        11.584    0.346    43664.521    0.316       11.584    0.346   12.593    7.615   -1.261    0.558   0.5170   0.0005   0.1920   0.0004   0.2484   0.0006   0        6.200       48.445        0.018       43.400      180.900 2457801.85141  11.691000  11.686000    -0.102       NaN    0.266    -1.244    0.472   -1.477    0.608    0.490  899.998   12.612    7.626
2457802.61602       10.089    0.683    43666.740    0.552        14.563    0.394    43667.067    0.354       14.563    0.394    6.281    5.169   -2.644    0.638   0.5186   0.0006   0.1915   0.0006   0.2477   0.0007   0        6.199       48.458        0.016       43.400      147.100 2457802.61521  11.869000  11.864000     0.528       NaN    0.266     0.906    0.558    0.061    0.423    0.500  899.998    6.294    5.200
2457803.59839       12.672    0.654    43669.631    0.548        16.144    0.345    43669.411    0.310       16.144    0.345    1.047    5.732   -0.478    0.662   0.5145   0.0005   0.1964   0.0005   0.2432   0.0006   0        6.204       48.421        0.017       43.400      164.200 2457803.59759  11.533000  11.529000     1.680       NaN    0.266    -0.096    0.556   -0.486    0.452    0.520  899.998    1.048    5.751
2457810.66978       15.238    0.635    43671.444    0.565        18.460    0.328    43671.472    0.295       18.460    0.328    1.456    4.323    1.981    0.585   0.5125   0.0005   0.1935   0.0005   0.2427   0.0006   0        6.207       48.401        0.019       43.400      169.600 2457810.66897   8.704000   8.700000    -0.521       NaN    0.266    -0.346    0.544   -0.238    0.482    0.490  899.998    1.447    4.364
2457815.67118       18.045    0.857    43674.405    0.768        20.297    0.284    43673.645    0.260       20.297    0.284  -12.203    4.605    2.479    0.528   0.5200   0.0004   0.1958   0.0004   0.2470   0.0005   0        6.205       48.391        0.019       43.400      198.300 2457815.67038   6.705000   6.701000    -0.080       NaN    0.266    -1.316    0.808   -1.026    0.722    0.470  899.998  -12.197    4.645
2457817.67195       18.844    0.649    43675.136    0.669        20.272    0.310    43673.638    0.282       20.272    0.310   -0.359    4.643    3.247    0.573   0.5205   0.0005   0.1963   0.0004   0.2496   0.0006   0        6.208       48.378        0.021       43.400      184.200 2457817.67115   5.894000   5.889000     0.052       NaN    0.267    -2.140    0.570   -1.765    0.607    0.500  899.998   -0.351    4.686
2457818.64589       18.999    0.700    43675.422    0.715        20.793    0.357    43674.712    0.324       20.793    0.357   -4.497    6.217    4.270    0.553   0.5179   0.0006   0.1921   0.0005   0.2505   0.0006   0        6.209       48.371        0.019       43.400      159.100 2457818.64508   5.552000   5.548000    -0.001       NaN    0.267    -1.774    0.602   -0.977    0.637    0.500  899.998   -4.477    6.241
2457820.80561       18.191    1.049    43676.528    1.105        21.268    0.340    43675.142    0.312       21.268    0.340    4.592    5.979    5.432    0.709   0.5145   0.0005   0.1985   0.0004   0.2456   0.0006   0        6.207       48.371        0.020       43.400      184.700 2457820.80481   4.357000   4.352000     0.052       NaN    0.267    -0.491    0.992   -1.653    1.060    0.520  899.998    4.576    6.013
2457822.64256       18.956    0.602    43675.911    0.560        22.453    0.385    43675.984    0.350       22.453    0.385  -19.849    6.602    2.565    0.734   0.5227   0.0006   0.1919   0.0005   0.2518   0.0007   0        6.205       48.390        0.024       43.400      150.700 2457822.64175   3.929000   3.925000    -1.191       NaN    0.267    -0.071    0.463   -0.194    0.437    0.500  899.998  -19.876    6.623
2457823.60739       19.765    0.611    43675.577    0.584        22.355    0.379    43675.277    0.343       22.355    0.379   -7.757    4.877    3.702    0.637   0.5182   0.0006   0.1918   0.0005   0.2512   0.0007   0        6.209       48.381        0.022       43.400      153.600 2457823.60659   3.605000   3.600000     1.400       NaN    0.267    -0.978    0.480   -0.567    0.472    0.480  899.998   -7.781    4.915
2457824.60854       17.189    0.838    43674.588    0.867        21.988    0.340    43675.838    0.309       21.988    0.340    3.767    4.915    3.494    0.614   0.5178   0.0005   0.1962   0.0005   0.2508   0.0006   0        6.208       48.382        0.023       43.400      171.700 2457824.60774   3.192000   3.188000    -0.778       NaN    0.267     1.231    0.766    0.983    0.810    0.510  899.998    3.747    4.944
2457846.53368        1.997    0.678    43657.503    0.605         5.288    0.340    43658.329    0.309        5.288    0.340    4.959    5.633   -3.995    0.636   0.5192   0.0005   0.1943   0.0005   0.2522   0.0006   0        6.199       48.450        0.018       43.400      175.300 2457846.53288  -5.627000  -5.631000     0.573       NaN    0.268    -0.277    0.587    0.558    0.520    0.500  899.998    4.944    5.647
2457847.51958       -1.246    1.031    43654.633    0.843         1.908    0.619    43655.576    0.546        1.908    0.619   -0.097    8.011   -5.105    1.201   0.5185   0.0009   0.1898   0.0008   0.2540   0.0011   0        6.204       48.442        0.019       43.400       99.900 2457847.51877  -5.989000  -5.994000     0.470       NaN    0.268    -0.414    0.824    0.675    0.642    0.500  899.998   -0.123    8.014
2457847.77045       -1.919    0.916    43654.510    0.737         1.623    0.400    43655.283    0.362        1.623    0.400   -2.343    6.764   -4.767    0.745   0.5237   0.0005   0.1905   0.0005   0.2515   0.0006   0        6.198       48.454        0.018       43.400      163.700 2457847.76963  -6.558000  -6.562000     0.279       NaN    0.268    -0.026    0.824    0.505    0.642    0.480  899.998   -2.353    6.768
2457850.67096        0.126    0.640    43657.202    0.578         1.770    0.369    43655.612    0.339        1.770    0.369   -6.001    5.572    0.408    0.556   0.5236   0.0005   0.1909   0.0005   0.2536   0.0006   0        6.203       48.412        0.019       43.400      168.300 2457850.67016  -7.520000  -7.524000     0.873       NaN    0.268    -1.924    0.523   -1.858    0.469    0.520  899.998   -6.031    5.581
2457851.73534        0.704    0.661    43656.918    0.539         2.275    0.421    43655.542    0.383        2.275    0.421   -0.126    6.173    0.407    0.733   0.5177   0.0006   0.1944   0.0005   0.2507   0.0007   0        6.206       48.392        0.017       43.400      150.400 2457851.73453  -8.037000  -8.041000     1.050       NaN    0.268    -1.997    0.509   -1.644    0.379    0.500  899.998   -0.152    6.183
2457852.67892       -0.093    0.615    43656.737    0.589         3.634    0.441    43657.061    0.400        3.634    0.441   14.481    8.029    1.465    0.810   0.5194   0.0006   0.1912   0.0006   0.2537   0.0007   0        6.204       48.401        0.018       43.400      140.800 2457852.67812  -8.301000  -8.305000     0.458       NaN    0.269     0.159    0.428    0.055    0.432    0.510  899.998   14.460    8.037
2457854.74492       -3.688    0.698    43652.191    0.681        -2.857    0.465    43649.891    0.418       -2.857    0.465   -5.427    6.560    4.045    0.816   0.5184   0.0006   0.1931   0.0006   0.2518   0.0007   0        6.207       48.359        0.018       43.400      138.300 2457854.74411  -9.180000  -9.184000    -0.362       NaN    0.269    -2.737    0.521   -2.569    0.537    0.500  899.998   -5.453    6.551
2457855.70215       -4.351    0.683    43652.534    0.645        -3.846    0.396    43649.847    0.362       -3.846    0.396   -2.859    7.011    4.586    0.746   0.5225   0.0005   0.1948   0.0005   0.2515   0.0006   0        6.208       48.358        0.017       43.400      160.800 2457855.70134  -9.472000  -9.477000     0.754       NaN    0.269    -3.063    0.557   -2.956    0.534    0.490  899.998   -2.893    7.002
2457858.49548       -6.085    0.745    43651.847    0.539        -2.244    0.340    43652.088    0.309       -2.244    0.340   -3.325    7.370    4.345    0.605   0.5243   0.0005   0.1945   0.0005   0.2535   0.0006   0        6.212       48.347        0.021       43.400      175.500 2457858.49467 -10.086000 -10.091000     0.134       NaN    0.269     0.273    0.663   -0.028    0.441    0.500  899.998   -3.325    7.366
2457859.63636       -6.430    1.108    43651.539    1.182        -3.758    0.494    43650.770    0.449       -3.758    0.494    1.595    6.688    4.344    0.938   0.5190   0.0007   0.1924   0.0006   0.2531   0.0008   0        6.210       48.347        0.020       43.400      128.700 2457859.63556 -10.786000 -10.790000     0.998       NaN    0.269    -0.896    0.992   -1.038    1.094    0.350  899.998    1.571    6.682
2457864.62895       -8.445    0.823    43647.765    0.851        -4.835    0.403    43648.273    0.365       -4.835    0.403   -6.495    7.435    3.921    0.744   0.5159   0.0006   0.1959   0.0005   0.2451   0.0007   0        6.208       48.360        0.022       43.400      150.300 2457864.62814 -12.525000 -12.530000     0.959       NaN    0.269     0.042    0.717    0.239    0.769    0.520  899.998   -6.509    7.426
2457865.60571      -10.148    0.641    43646.706    0.716        -6.059    0.348    43647.548    0.318       -6.059    0.348   -7.501    6.368    4.765    0.656   0.5219   0.0005   0.1965   0.0005   0.2505   0.0006   0        6.207       48.359        0.023       43.400      173.300 2457865.60490 -12.812000 -12.816000     0.472       NaN    0.269     0.521    0.538    0.573    0.641    0.500  899.998   -7.526    6.349
2457878.50728      -18.789    0.673    43639.552    0.656       -16.712    0.316    43638.070    0.288      -16.712    0.316   -1.340    5.256   -4.404    0.626   0.5190   0.0005   0.1941   0.0004   0.2531   0.0006   0        6.196       48.446        0.019       43.400      186.700 2457878.50647 -16.605000 -16.609000     0.534       NaN    0.270    -1.490    0.594   -1.752    0.590    0.490  899.998   -1.331    5.197
2457879.61545      -16.216    0.611    43640.446    0.678       -15.446    0.471    43638.059    0.423      -15.446    0.471    6.455    7.085   -5.837    0.818   0.5189   0.0006   0.1910   0.0006   0.2479   0.0007   0        6.197       48.438        0.020       43.400      139.500 2457879.61464 -17.129000 -17.133000     0.639       NaN    0.270    -2.798    0.389   -2.657    0.530    0.490  899.998    6.452    7.042
2457882.47784      -17.941    0.958    43638.639    0.810       -15.125    0.468    43637.907    0.419      -15.125    0.468    5.870    6.268   -5.103    0.849   0.5198   0.0007   0.1961   0.0006   0.2531   0.0008   0        6.196       48.446        0.016       43.400      129.300 2457882.47703 -17.605000 -17.609000     0.922       NaN    0.270    -0.752    0.836   -1.002    0.693    0.530  899.998    5.870    6.223
2457883.56876      -19.399    0.749    43637.322    0.753       -14.551    0.632    43638.950    0.556      -14.551    0.632   22.217    9.099   -3.786    1.231   0.5252   0.0008   0.1949   0.0008   0.2541   0.0011   0        6.198       48.429        0.020       43.400      100.800 2457883.56795 -18.073000 -18.077000     0.992       NaN    0.270     1.281    0.403    1.358    0.508    0.510  899.998   22.216    9.078
2457923.54464      -12.759    0.695    43643.955    0.692        -9.726    0.493    43643.779    0.441       -9.726    0.493   -8.993    7.103   -5.772    0.910   0.5244   0.0006   0.1904   0.0006   0.2534   0.0008   0        6.198       48.456        0.016       43.400      130.400 2457923.54384 -23.371000 -23.375000     2.475       NaN    0.273    -0.535    0.489   -0.449    0.533    0.500  899.998   -9.006    7.083
2457925.55503      -11.903    0.768    43644.741    0.809        -9.602    0.489    43644.148    0.438       -9.602    0.489  -12.588    8.572   -6.878    0.717   0.5240   0.0006   0.1899   0.0006   0.2526   0.0008   0        6.195       48.457        0.019       43.400      131.800 2457925.55422 -23.385000 -23.389000     0.393       NaN    0.273    -1.267    0.592   -0.866    0.680    0.500  899.998  -12.587    8.552
2457943.50282       10.063    0.858    43666.984    0.885        12.153    0.497    43666.832    0.442       12.153    0.497    4.600    8.129    9.558    0.817   0.5184   0.0006   0.1933   0.0006   0.2539   0.0008   0        6.216       48.288        0.019       43.400      134.800 2457943.50201 -22.126000 -22.130000     1.621       NaN    0.274    -1.478    0.700   -0.426    0.766    0.500  899.998    4.598    8.143
2457944.50396        9.798    0.780    43667.504    0.880        12.350    0.461    43667.665    0.412       12.350    0.461  -11.647    8.067    9.441    0.992   0.5187   0.0006   0.1955   0.0006   0.2554   0.0007   0        6.219       48.293        0.021       43.400      145.800 2457944.50315 -22.002000 -22.007000     1.112       NaN    0.274    -1.016    0.629   -0.113    0.777    0.500  899.998  -11.654    8.085
2457946.46146        9.686    0.567    43667.252    0.649        13.226    0.378    43667.867    0.343       13.226    0.378   -0.564    7.839    7.868    0.657   0.5227   0.0005   0.1913   0.0005   0.2536   0.0006   0        6.218       48.312        0.023       43.400      173.700 2457946.46065 -21.685000 -21.690000     0.498       NaN    0.274    -0.028    0.423    0.341    0.551    0.480  899.998   -0.579    7.859
2457952.46677        8.470    0.807    43665.108    0.756        11.754    0.518    43666.272    0.462       11.754    0.518    2.187    7.160   -2.511    0.993   0.5217   0.0007   0.1950   0.0007   0.2539   0.0008   0        6.204       48.411        0.020       43.400      124.300 2457952.46597 -20.756000 -20.761000     0.388       NaN    0.274    -0.284    0.618    0.890    0.599    0.480  899.998    2.199    7.171
2457954.47120        9.681    0.763    43665.523    0.795        13.146    0.550    43666.099    0.488       13.146    0.550    4.582    9.021   -5.357    1.021   0.5203   0.0007   0.1929   0.0007   0.2540   0.0009   0        6.201       48.437        0.017       43.400      121.500 2457954.47039 -20.399000 -20.404000     0.054       NaN    0.274    -0.103    0.528    0.302    0.628    0.520  899.998    4.612    9.031
