2453015.79568      -36.208    0.970     8142.675    1.067      -102.730    0.426     8142.429    0.377     -102.730    0.426   -7.815    4.861  -18.633    1.494   0.4024   0.0004   0.3164   0.0006   0.4358   0.0008   0        7.329       48.124       -0.006        8.049      172.600 2453015.79493  17.717000  17.712000     0.394       NaN    0.000    -0.455    0.872   -0.246    0.998    0.510  285.801   -7.792    4.855
2453037.76493      -15.176    0.867     8163.201    0.857       -81.512    0.362     8162.865    0.305      -81.512    0.362   -6.668    4.738  -25.639    1.566   0.4008   0.0003   0.3167   0.0005   0.4358   0.0006   0        7.329       48.163       -0.005        8.049      220.500 2453037.76418   8.479000   8.474000     0.678       NaN    0.001    -0.268    0.788   -0.337    0.801    0.520  363.401   -6.643    4.771
2453046.61588       -6.491    0.949     8171.179    0.996       -71.697    0.631     8172.239    0.569      -71.697    0.631  -12.321    5.921  -14.089    1.714   0.4026   0.0006   0.3225   0.0009   0.4426   0.0011   0        7.325       48.097       -0.009        8.049      117.700 2453046.61513   4.685000   4.681000    -0.076       NaN    0.002     0.861    0.708    1.058    0.818    0.490  234.897  -12.295    5.945
2453057.71553        3.541    0.939     8182.708    1.040       -60.322    0.350     8185.234    0.294      -60.322    0.350   -5.637    5.181  -28.516    2.001   0.4016   0.0003   0.3241   0.0005   0.4448   0.0006   0        7.333       48.199       -0.006        8.049      219.700 2453057.71478  -0.900000  -0.905000    -0.205       NaN    0.002     2.204    0.872    2.524    0.998    0.500  499.997   -5.629    5.208
2453146.55808       44.810    1.097     8223.590    1.164       -21.409    0.682     8223.863    0.600      -21.409    0.682    3.343    5.884  -11.512    1.513   0.4006   0.0006   0.3233   0.0009   0.4322   0.0011   0        7.326       48.058       -0.006        8.049      117.000 2453146.55733 -26.945000 -26.950000    -0.186       NaN    0.007    -0.152    0.859    0.266    0.998    0.500  211.894    3.361    5.834
2453160.45248        6.859    1.218 93431191.328    1.253       -59.769    0.851 93431192.317    0.758      -59.769    0.851    4.065    8.138   -6.115    2.661   0.4034   0.0008   0.3220   0.0012   0.4394   0.0015   0       28.469        0.848       -7.446    93450.700       88.400 2453160.45173 -26.074000 -26.079000    -0.438       NaN    0.008    -0.561    0.872    0.981    0.998    0.500  100.001    4.075    8.132
2453160.45399        5.580    1.262 93431841.396    1.285       -61.048    0.912 93431842.382    0.810      -61.048    0.912   25.196    7.546   -8.155    2.738   0.4028   0.0009   0.3215   0.0012   0.4421   0.0016   0       27.694        0.835       -7.339    93450.700       84.100 2453160.45324 -26.078000 -26.082000    -0.343       NaN    0.008    -0.561    0.872    0.978    0.998    0.500  100.001   25.201    7.543
2453160.45816        6.339    1.210     8184.380    1.249       -60.290    0.839     8185.358    0.751      -60.290    0.839    1.766    8.700   -3.957    2.407   0.4038   0.0008   0.3209   0.0011   0.4431   0.0015   0        7.333       48.004       -0.005        8.100       89.600 2453160.45741 -26.087000 -26.092000    -0.260       NaN    0.008    -0.562    0.872    0.970    0.998    0.500   99.996    1.771    8.681
2453160.45964        9.082    1.198     8187.123    1.239       -57.548    0.821     8188.099    0.734      -57.548    0.821   14.266    6.619   -7.501    2.470   0.4026   0.0008   0.3211   0.0011   0.4419   0.0015   0        7.336       48.021       -0.003        8.100       89.400 2453160.45889 -26.090000 -26.095000    -0.335       NaN    0.008    -0.563    0.872    0.968    0.998    0.470  100.000   14.271    6.600
2453160.46119        6.143    1.267     8183.280    1.288       -60.487    0.919     8184.253    0.815      -60.487    0.919   -4.804   10.239   -7.130    2.210   0.4026   0.0008   0.3205   0.0012   0.4403   0.0016   0        7.334       48.006       -0.007        8.100       84.700 2453160.46044 -26.094000 -26.098000    -0.275       NaN    0.008    -0.563    0.872    0.965    0.998    0.490  100.001   -4.800   10.225
2453160.46268        6.905    1.231     8184.965    1.263       -59.725    0.869     8185.935    0.775      -59.725    0.869   13.358    7.555   -6.438    2.259   0.4031   0.0008   0.3194   0.0012   0.4417   0.0015   0        7.341       47.993       -0.007        8.100       86.300 2453160.46194 -26.097000 -26.101000    -0.376       NaN    0.008    -0.563    0.872    0.962    0.998    0.480  100.002   13.357    7.559
2453160.46421        6.567    1.226     8184.404    1.260       -60.064    0.862     8185.371    0.769      -60.064    0.862    4.703    7.577   -7.142    2.721   0.4033   0.0008   0.3197   0.0012   0.4428   0.0015   0        7.340       48.018       -0.005        8.100       88.000 2453160.46345 -26.100000 -26.105000    -0.344       NaN    0.008    -0.564    0.872    0.959    0.998    0.480  100.001    4.705    7.581
2453160.46577        9.144    1.255     8186.684    1.283       -57.487    0.903     8187.648    0.806      -57.487    0.903   11.110    7.968   -7.271    2.549   0.4016   0.0009   0.3205   0.0012   0.4397   0.0016   0        7.334       48.015       -0.007        8.100       84.000 2453160.46501 -26.103000 -26.108000    -0.267       NaN    0.008    -0.564    0.872    0.956    0.998    0.510   99.996   11.107    7.961
2453160.46728        8.576    1.259     8187.497    1.286       -58.056    0.909     8188.458    0.811      -58.056    0.909   -3.107    9.171   -1.817    2.367   0.4025   0.0009   0.3208   0.0012   0.4402   0.0016   0        7.339       48.000       -0.005        8.100       82.700 2453160.46653 -26.107000 -26.111000    -0.203       NaN    0.008    -0.565    0.872    0.953    0.998    0.500  100.001   -3.108    9.160
2453160.46880        6.976    1.274     8184.509    1.297       -59.656    0.929     8185.467    0.829      -59.656    0.929   18.250    7.338   -9.983    2.871   0.4033   0.0009   0.3185   0.0013   0.4400   0.0016   0        7.339       48.001       -0.004        8.100       81.600 2453160.46806 -26.110000 -26.115000    -0.254       NaN    0.008    -0.565    0.872    0.950    0.998    0.510  100.001   18.253    7.355
2453160.47697        7.779    1.194     8186.339    1.235       -58.855    0.816     8187.282    0.728      -58.855    0.816    5.943    6.915   -3.511    2.720   0.4030   0.0008   0.3222   0.0011   0.4392   0.0015   0        7.338       47.989       -0.006        8.100       90.900 2453160.47622 -26.127000 -26.132000    -0.294       NaN    0.008    -0.567    0.872    0.935    0.998    0.450  100.000    5.945    6.917
2453160.47854        7.068    1.186     8183.841    1.229       -59.567    0.804     8184.781    0.717      -59.567    0.804   21.512    6.975   -7.986    2.461   0.4024   0.0008   0.3218   0.0011   0.4420   0.0014   0        7.334       48.020       -0.006        8.100       93.600 2453160.47779 -26.130000 -26.135000    -0.396       NaN    0.008    -0.568    0.872    0.932    0.998    0.490  100.001   21.512    6.987
2453160.48003        7.079    1.199     8184.222    1.240       -59.556    0.823     8185.159    0.737      -59.556    0.823    7.372    8.305   -5.558    2.437   0.4035   0.0008   0.3200   0.0011   0.4431   0.0015   0        7.344       47.994       -0.007        8.100       90.600 2453160.47928 -26.133000 -26.138000    -0.379       NaN    0.008    -0.568    0.872    0.929    0.998    0.480  100.000    7.375    8.310
2453160.48159        4.579    1.192     8182.010    1.243       -62.057    0.813     8182.944    0.741      -62.057    0.813   23.059    6.712   -9.571    2.258   0.4030   0.0008   0.3201   0.0011   0.4447   0.0014   0        7.339       48.017       -0.004        8.100       92.900 2453160.48085 -26.136000 -26.141000    -0.250       NaN    0.008    -0.568    0.872    0.926    0.998    0.520  100.000   23.068    6.721
2453160.48306        9.809    1.206     8187.661    1.245       -56.827    0.834     8188.592    0.744      -56.827    0.834   -1.006    7.651   -5.239    2.311   0.4029   0.0008   0.3200   0.0012   0.4396   0.0015   0        7.337       48.004       -0.006        8.100       88.700 2453160.48232 -26.139000 -26.144000    -0.478       NaN    0.008    -0.569    0.872    0.923    0.998    0.480   99.996   -1.003    7.642
2453160.48464        7.522    1.264     8185.395    1.291       -59.114    0.915     8186.323    0.820      -59.114    0.915    3.723    7.551   -5.780    2.721   0.4020   0.0009   0.3211   0.0013   0.4414   0.0017   0        7.343       47.978       -0.004        8.100       80.100 2453160.48389 -26.143000 -26.147000    -0.425       NaN    0.008    -0.569    0.872    0.920    0.998    0.530   99.996    3.734    7.555
2453160.48612        4.393    1.211     8180.692    1.245       -62.244    0.841     8181.617    0.744      -62.244    0.841   15.962    6.763   -7.629    2.282   0.4019   0.0008   0.3215   0.0011   0.4404   0.0014   0        7.336       48.021       -0.007        8.100       92.000 2453160.48537 -26.146000 -26.150000    -0.407       NaN    0.008    -0.570    0.872    0.917    0.998    0.500  100.002   15.974    6.761
2453160.48760       10.636    1.244     8188.079    1.273       -56.001    0.888     8189.001    0.791      -56.001    0.888    2.796    8.067   -6.630    2.524   0.4023   0.0009   0.3203   0.0012   0.4389   0.0016   0        7.338       47.991       -0.008        8.100       83.400 2453160.48685 -26.148000 -26.153000    -0.460       NaN    0.008    -0.570    0.872    0.914    0.998    0.470  100.001    2.802    8.070
2453160.48915        8.455    1.238     8186.583    1.265       -58.183    0.879     8187.502    0.778      -58.183    0.879    7.227    8.391   -5.731    2.301   0.4018   0.0008   0.3196   0.0012   0.4416   0.0015   0        7.336       48.003       -0.008        8.100       87.300 2453160.48840 -26.151000 -26.156000    -0.356       NaN    0.008    -0.570    0.872    0.911    0.998    0.500  100.001    7.230    8.374
2453160.49062        6.408    1.268     8184.156    1.290       -60.230    0.921     8185.073    0.818      -60.230    0.921   10.243    9.552  -11.322    2.497   0.4026   0.0009   0.3215   0.0013   0.4444   0.0016   0        7.332       48.020       -0.009        8.100       82.100 2453160.48987 -26.154000 -26.159000    -0.391       NaN    0.008    -0.571    0.872    0.909    0.998    0.470  100.000   10.245    9.547
2453160.49220        8.556    1.335     8185.775    1.350       -58.082    1.011     8186.689    0.910      -58.082    1.011    0.952    9.481   -5.435    2.955   0.4029   0.0010   0.3184   0.0014   0.4431   0.0018   0        7.334       47.989       -0.007        8.100       73.800 2453160.49146 -26.157000 -26.162000    -0.272       NaN    0.008    -0.571    0.872    0.906    0.998    0.530  100.000    0.950    9.476
2453160.49369        7.212    1.354     8185.402    1.361       -59.427    1.036     8186.313    0.925      -59.427    1.036   10.724    7.546   -7.101    3.490   0.4012   0.0010   0.3211   0.0014   0.4428   0.0018   0        7.329       48.000       -0.007        8.100       74.700 2453160.49294 -26.160000 -26.165000    -0.461       NaN    0.008    -0.572    0.872    0.903    0.998    0.500  100.000   10.732    7.537
2453160.49518        7.400    1.413     8185.272    1.427       -59.239    1.112     8186.180    1.020      -59.239    1.112   12.777   10.978   -2.485    3.117   0.4008   0.0011   0.3199   0.0016   0.4394   0.0020   0        7.338       47.967       -0.002        8.100       66.700 2453160.49443 -26.163000 -26.168000    -0.317       NaN    0.008    -0.572    0.872    0.900    0.998    0.480  100.001   12.777   10.959
2453160.49672        7.175    1.262     8184.987    1.284       -59.465    0.912     8185.892    0.808      -59.465    0.912   12.143    8.666   -4.419    2.847   0.4016   0.0008   0.3198   0.0012   0.4410   0.0016   0        7.341       48.005       -0.012        8.100       85.000 2453160.49597 -26.166000 -26.171000    -0.483       NaN    0.008    -0.573    0.872    0.897    0.998    0.500   99.997   12.143    8.677
2453160.49826        5.661    1.220     8183.334    1.253       -60.979    0.854     8184.236    0.758      -60.979    0.854    6.642    7.490   -6.399    2.558   0.4022   0.0008   0.3207   0.0011   0.4411   0.0015   0        7.337       48.001       -0.013        8.100       89.500 2453160.49751 -26.169000 -26.174000    -0.469       NaN    0.008    -0.573    0.872    0.894    0.998    0.520   99.996    6.637    7.502
2453161.43608        1.923    1.269     8178.902    1.293       -64.196    0.922     8180.180    0.822      -64.196    0.922    4.719    8.340   -2.704    3.005   0.4078   0.0009   0.3219   0.0012   0.4425   0.0016   0        7.333       47.937       -0.009        8.100       82.300 2453161.43534 -25.939000 -25.943000     0.048       NaN    0.008    -0.052    0.872    1.270    0.998    0.590   99.996    4.719    8.335
2453161.43752        0.445    1.162     8179.001    1.211       -65.675    0.768     8180.276    0.686      -65.675    0.768   18.567    7.201   -8.201    2.113   0.4063   0.0007   0.3227   0.0010   0.4399   0.0013   0        7.333       47.993       -0.004        8.100      101.600 2453161.43677 -25.942000 -25.947000    -0.005       NaN    0.008    -0.052    0.872    1.267    0.998    0.520   99.996   18.572    7.210
2453161.43901        3.288    1.153     8180.107    1.204       -62.832    0.754     8181.380    0.674      -62.832    0.754   10.276    6.691   -9.041    2.138   0.4080   0.0007   0.3220   0.0010   0.4402   0.0013   0        7.328       48.010       -0.005        8.100      101.100 2453161.43826 -25.945000 -25.950000     0.163       NaN    0.008    -0.053    0.872    1.265    0.998    0.500   99.996   10.286    6.693
2453161.44059        2.878    1.156     8181.490    1.207       -63.242    0.759     8182.760    0.680      -63.242    0.759   11.119    6.100  -14.830    1.916   0.4072   0.0007   0.3225   0.0010   0.4403   0.0013   0        7.329       48.029       -0.005        8.100      100.200 2453161.43984 -25.949000 -25.954000     0.145       NaN    0.008    -0.053    0.872    1.262    0.998    0.550  100.001   11.126    6.107
2453161.44203        0.562    1.168     8179.490    1.215       -65.559    0.778     8180.757    0.693      -65.559    0.778   24.410    7.457  -14.316    2.145   0.4062   0.0007   0.3227   0.0010   0.4422   0.0013   0        7.329       48.012       -0.005        8.100       99.900 2453161.44128 -25.952000 -25.957000     0.114       NaN    0.008    -0.054    0.872    1.259    0.998    0.490  100.001   24.435    7.455
2453161.44345        1.490    1.244     8179.160    1.273       -64.631    0.888     8180.424    0.791      -64.631    0.888    2.304    8.162  -10.221    2.399   0.4055   0.0009   0.3191   0.0012   0.4395   0.0016   0        7.334       47.987       -0.005        8.100       83.800 2453161.44270 -25.956000 -25.960000    -0.080       NaN    0.008    -0.054    0.872    1.256    0.998    0.400  100.001    2.316    8.164
2453161.44512       -0.987    1.140     8177.735    1.194       -67.109    0.734     8178.996    0.656      -67.109    0.734   13.829    6.587  -14.880    2.159   0.4071   0.0007   0.3209   0.0010   0.4404   0.0012   0        7.326       48.026       -0.009        8.100      107.000 2453161.44437 -25.959000 -25.964000     0.024       NaN    0.008    -0.055    0.872    1.253    0.998    0.530   99.996   13.842    6.597
2453161.44660       -0.383    1.124     8178.319    1.184       -66.505    0.710     8179.577    0.638      -66.505    0.710   15.073    7.511  -14.294    2.237   0.4075   0.0007   0.3224   0.0010   0.4402   0.0013   0        7.332       48.030       -0.007        8.100      105.800 2453161.44586 -25.963000 -25.967000     0.114       NaN    0.008    -0.055    0.872    1.250    0.998    0.500  100.000   15.065    7.530
2453161.44813       -0.441    1.110     8177.528    1.172       -66.563    0.687     8178.783    0.614      -66.563    0.687   10.419    7.006  -18.614    1.495   0.4075   0.0006   0.3231   0.0009   0.4427   0.0012   0        7.327       48.055       -0.007        8.100      114.000 2453161.44738 -25.966000 -25.971000    -0.163       NaN    0.008    -0.055    0.872    1.247    0.998    0.510   99.997   10.437    7.018
2453161.44966        1.377    1.116     8179.800    1.177       -64.746    0.697     8181.052    0.625      -64.746    0.697   19.915    7.137  -14.977    2.318   0.4020   0.0007   0.3203   0.0009   0.4412   0.0012   0        7.334       48.035       -0.003        8.100      110.600 2453161.44891 -25.969000 -25.974000     0.056       NaN    0.008    -0.056    0.872    1.244    0.998    0.520   99.996   19.918    7.146
2453161.45120        0.509    1.133     8179.144    1.191       -65.614    0.724     8180.393    0.651      -65.614    0.724   12.168    6.817  -10.989    2.039   0.4052   0.0008   0.3189   0.0010   0.4413   0.0013   0        7.334       48.020       -0.001        8.100      101.200 2453161.45045 -25.973000 -25.977000    -0.120       NaN    0.008    -0.056    0.872    1.241    0.998    0.540  100.001   12.185    6.828
2453161.45264       -2.236    1.099     8175.915    1.164       -68.360    0.670     8177.162    0.600      -68.360    0.670   24.102    6.014  -15.482    1.722   0.4033   0.0006   0.3228   0.0009   0.4404   0.0011   0        7.329       48.044       -0.007        8.100      116.000 2453161.45190 -25.976000 -25.981000    -0.080       NaN    0.008    -0.057    0.872    1.239    0.998    0.480  100.001   24.105    6.031
2453161.45417       -1.426    1.095     8177.500    1.161       -67.550    0.662     8178.744    0.593      -67.550    0.662    9.252    6.053  -14.802    1.979   0.4025   0.0007   0.3205   0.0009   0.4401   0.0012   0        7.334       48.022       -0.006        8.100      114.400 2453161.45342 -25.979000 -25.984000    -0.054       NaN    0.008    -0.057    0.872    1.236    0.998    0.490  100.001    9.273    6.065
2453161.45573        0.097    1.076     8178.570    1.147       -66.027    0.630     8179.811    0.565      -66.027    0.630    9.307    6.170  -14.296    1.640   0.4029   0.0006   0.3207   0.0008   0.4403   0.0011   0        7.333       48.030       -0.006        8.100      122.100 2453161.45499 -25.983000 -25.987000    -0.161       NaN    0.008    -0.057    0.872    1.233    0.998    0.530   99.997    9.313    6.185
2453161.45719       -0.213    1.089     8178.352    1.158       -66.338    0.653     8179.590    0.587      -66.338    0.653    9.316    6.002  -10.694    1.767   0.4031   0.0007   0.3222   0.0009   0.4409   0.0012   0        7.335       48.003       -0.005        8.100      114.400 2453161.45643 -25.986000 -25.991000    -0.067       NaN    0.008    -0.058    0.872    1.230    0.998    0.470   99.996    9.327    6.008
2453161.45873       -0.918    1.103     8178.271    1.165       -67.043    0.675     8179.506    0.602      -67.043    0.675   14.340    6.037  -14.388    1.933   0.4021   0.0006   0.3211   0.0009   0.4411   0.0011   0        7.328       48.035       -0.006        8.100      117.400 2453161.45798 -25.989000 -25.994000     0.021       NaN    0.008    -0.058    0.872    1.227    0.998    0.490  100.003   14.350    6.048
2453161.46025        0.316    1.117     8179.474    1.178       -65.810    0.699     8180.706    0.627      -65.810    0.699   15.061    6.502  -18.489    1.805   0.4027   0.0007   0.3208   0.0009   0.4384   0.0012   0        7.326       48.062       -0.007        8.100      111.600 2453161.45950 -25.993000 -25.997000     0.014       NaN    0.008    -0.059    0.872    1.224    0.998    0.490   99.996   15.068    6.521
2453161.46181       -2.591    1.147     8176.625    1.200       -68.717    0.745     8177.854    0.666      -68.717    0.745   11.614    7.891  -14.631    2.163   0.4026   0.0007   0.3217   0.0010   0.4392   0.0013   0        7.333       48.029       -0.004        8.100      103.000 2453161.46106 -25.996000 -26.001000    -0.007       NaN    0.008    -0.059    0.872    1.221    0.998    0.540  100.003   11.630    7.897
2453161.46324       -2.944    1.159     8175.062    1.206       -69.071    0.763     8176.288    0.678      -69.071    0.763   19.419    7.693  -15.360    1.995   0.4023   0.0007   0.3200   0.0010   0.4409   0.0013   0        7.330       48.028       -0.003        8.100      104.600 2453161.46250 -25.999000 -26.004000    -0.046       NaN    0.008    -0.059    0.872    1.218    0.998    0.470   99.996   19.420    7.707
2453161.46483        0.145    1.131     8179.134    1.189       -65.982    0.721     8180.357    0.647      -65.982    0.721   13.841    6.767  -16.163    2.249   0.4035   0.0007   0.3217   0.0010   0.4409   0.0012   0        7.329       48.036       -0.003        8.100      106.100 2453161.46408 -26.002000 -26.007000    -0.066       NaN    0.008    -0.060    0.872    1.215    0.998    0.530  100.002   13.858    6.778
2453161.46633        0.712    1.131     8179.276    1.187       -65.415    0.720     8180.496    0.643      -65.415    0.720   16.445    6.168  -13.471    2.204   0.4031   0.0007   0.3189   0.0009   0.4408   0.0012   0        7.331       48.024       -0.008        8.100      108.900 2453161.46558 -26.006000 -26.010000    -0.083       NaN    0.008    -0.060    0.872    1.212    0.998    0.510  100.001   16.451    6.182
2453161.46776       -2.946    1.138     8176.069    1.194       -69.074    0.731     8177.287    0.656      -69.074    0.731    6.300    6.796  -11.984    1.893   0.4035   0.0007   0.3204   0.0010   0.4412   0.0013   0        7.333       48.022       -0.006        8.100      103.300 2453161.46701 -26.009000 -26.013000    -0.067       NaN    0.008    -0.061    0.872    1.210    0.998    0.440   99.996    6.308    6.813
2453161.46933       -0.894    1.116     8177.770    1.173       -67.022    0.696     8178.985    0.617      -67.022    0.696   16.389    5.978  -16.090    2.013   0.4033   0.0006   0.3204   0.0009   0.4400   0.0011   0        7.331       48.037       -0.004        8.100      116.100 2453161.46859 -26.012000 -26.017000    -0.087       NaN    0.008    -0.061    0.872    1.207    0.998    0.490  100.001   16.401    5.987
2453161.47085        1.119    1.095     8180.391    1.159       -65.010    0.663     8181.603    0.590      -65.010    0.663   12.008    5.044  -15.360    1.938   0.4025   0.0006   0.3217   0.0009   0.4414   0.0011   0        7.328       48.037       -0.005        8.100      119.100 2453161.47010 -26.015000 -26.020000    -0.130       NaN    0.008    -0.061    0.872    1.204    0.998    0.500   99.996   12.020    5.056
2453161.47239       -4.499    1.165     8173.990    1.214       -70.628    0.773     8175.199    0.692      -70.628    0.773   27.093    6.222  -12.983    2.227   0.4023   0.0007   0.3200   0.0010   0.4392   0.0013   0        7.332       48.012       -0.008        8.100      101.100 2453161.47164 -26.018000 -26.023000     0.013       NaN    0.008    -0.062    0.872    1.201    0.998    0.520  100.002   27.108    6.242
2453161.47389        0.721    1.151     8179.333    1.200       -65.408    0.751     8180.539    0.666      -65.408    0.751   18.435    6.711  -14.429    2.273   0.4039   0.0007   0.3206   0.0010   0.4408   0.0013   0        7.329       48.024       -0.004        8.100      105.700 2453161.47315 -26.021000 -26.026000    -0.053       NaN    0.008    -0.062    0.872    1.198    0.998    0.500  100.001   18.443    6.723
2453161.47542       -1.283    1.224     8176.348    1.257       -67.413    0.859     8177.551    0.764      -67.413    0.859   -2.022    7.594  -11.481    2.389   0.4007   0.0008   0.3194   0.0011   0.4415   0.0015   0        7.333       48.019       -0.001        8.100       89.400 2453161.47467 -26.025000 -26.029000     0.031       NaN    0.008    -0.063    0.872    1.195    0.998    0.510  100.001   -2.016    7.608
2453161.47688        0.751    1.324     8178.452    1.332       -65.379    0.997     8179.652    0.882      -65.379    0.997   17.052    9.678  -13.510    3.189   0.4038   0.0009   0.3190   0.0013   0.4382   0.0016   0        7.328       48.025       -0.008        8.100       81.500 2453161.47613 -26.028000 -26.032000    -0.095       NaN    0.008    -0.063    0.872    1.192    0.998    0.460  100.001   17.048    9.680
2453161.47849        3.385    1.655     8179.290    1.657       -62.746    1.407     8180.487    1.323      -62.746    1.407   17.097   12.295  -10.521    4.404   0.4044   0.0012   0.3202   0.0017   0.4383   0.0022   0        7.337       47.965       -0.008        8.100       59.900 2453161.47774 -26.031000 -26.035000    -0.061       NaN    0.008    -0.064    0.872    1.189    0.998    0.540  100.000   17.098   12.283
2453161.47994        1.537    1.257     8179.850    1.282       -64.594    0.906     8181.044    0.805      -64.594    0.906   13.532    7.558  -11.775    2.380   0.4038   0.0008   0.3214   0.0012   0.4430   0.0015   0        7.331       48.007       -0.003        8.100       87.500 2453161.47919 -26.034000 -26.038000    -0.046       NaN    0.008    -0.064    0.872    1.186    0.998    0.470   99.996   13.532    7.560
2453161.48154        1.341    1.202     8179.866    1.240       -64.790    0.827     8181.057    0.736      -64.790    0.827   17.722    6.610  -12.925    2.638   0.4040   0.0008   0.3204   0.0011   0.4394   0.0014   0        7.330       48.035       -0.006        8.100       94.900 2453161.48079 -26.037000 -26.042000    -0.036       NaN    0.008    -0.064    0.872    1.183    0.998    0.550  100.001   17.731    6.618
2453161.48298       -0.121    1.193     8178.451    1.231       -66.253    0.815     8179.640    0.721      -66.253    0.815   -2.111    7.337  -15.713    2.160   0.4018   0.0007   0.3219   0.0010   0.4403   0.0013   0        7.329       48.038       -0.004        8.100      100.200 2453161.48223 -26.040000 -26.044000    -0.135       NaN    0.008    -0.065    0.872    1.181    0.998    0.480  100.001   -2.118    7.355
2453161.48445       -0.786    1.230     8177.611    1.263       -66.918    0.868     8178.797    0.775      -66.918    0.868    9.158    8.870   -8.500    2.391   0.4026   0.0008   0.3218   0.0012   0.4398   0.0015   0        7.333       48.011       -0.005        8.100       88.000 2453161.48370 -26.043000 -26.047000    -0.223       NaN    0.008    -0.065    0.872    1.178    0.998    0.440  100.002    9.164    8.875
2453161.48603        2.517    1.267     8179.998    1.284       -63.616    0.919     8181.181    0.808      -63.616    0.919    2.340    8.152  -10.277    2.508   0.4050   0.0008   0.3206   0.0011   0.4416   0.0015   0        7.328       48.010       -0.006        8.100       89.900 2453161.48529 -26.046000 -26.050000    -0.054       NaN    0.008    -0.066    0.872    1.175    0.998    0.500  100.001    2.360    8.154
2453161.48755        2.505    1.121     8181.773    1.178       -63.628    0.704     8182.953    0.627      -63.628    0.704   11.055    5.711   -9.820    2.233   0.4035   0.0006   0.3224   0.0009   0.4411   0.0012   0        7.333       48.012       -0.002        8.100      113.500 2453161.48680 -26.049000 -26.053000    -0.108       NaN    0.008    -0.066    0.872    1.172    0.998    0.500  100.001   11.061    5.731
2453161.48906        0.756    1.132     8179.097    1.188       -65.377    0.722     8180.274    0.644      -65.377    0.722   16.095    5.948  -14.159    1.797   0.4034   0.0007   0.3218   0.0009   0.4391   0.0012   0        7.330       48.049       -0.004        8.100      110.300 2453161.48831 -26.052000 -26.056000     0.066       NaN    0.008    -0.066    0.872    1.169    0.998    0.480   99.996   16.102    5.976
2453161.49063        3.353    1.148     8182.001    1.198       -62.781    0.747     8183.175    0.663      -62.781    0.747   -0.823    6.648  -10.498    2.281   0.4032   0.0007   0.3217   0.0009   0.4413   0.0012   0        7.334       48.007       -0.008        8.100      108.300 2453161.48988 -26.055000 -26.059000     0.026       NaN    0.008    -0.067    0.872    1.166    0.998    0.510  100.001   -0.818    6.645
2453161.49211        0.222    1.237     8179.250    1.268       -65.912    0.878     8180.421    0.782      -65.912    0.878    4.222    8.232  -10.552    2.373   0.4033   0.0008   0.3198   0.0012   0.4391   0.0015   0        7.333       47.996       -0.001        8.100       88.700 2453161.49136 -26.057000 -26.062000    -0.056       NaN    0.008    -0.067    0.872    1.163    0.998    0.480  100.001    4.229    8.242
2453161.49366        3.218    1.307     8179.963    1.316       -62.917    0.974     8181.131    0.858      -62.917    0.974    8.046    8.926  -10.725    3.069   0.4037   0.0008   0.3192   0.0012   0.4396   0.0016   0        7.333       47.962       -0.002        8.100       84.900 2453161.49291 -26.060000 -26.065000    -0.129       NaN    0.008    -0.068    0.872    1.160    0.998    0.500  100.001    8.059    8.925
2453161.49520        1.314    1.283     8181.038    1.299       -64.821    0.942     8182.203    0.831      -64.821    0.942    3.375    7.816   -5.864    2.822   0.4014   0.0008   0.3194   0.0012   0.4410   0.0015   0        7.338       47.952       -0.006        8.100       85.700 2453161.49445 -26.063000 -26.068000    -0.082       NaN    0.008    -0.068    0.872    1.157    0.998    0.510  100.001    3.371    7.830
2453161.49666       -0.967    1.320     8178.214    1.327       -67.103    0.991     8179.377    0.875      -67.103    0.991    8.672    8.966   -7.557    2.880   0.4040   0.0009   0.3194   0.0012   0.4393   0.0016   0        7.332       47.985       -0.004        8.100       81.800 2453161.49591 -26.066000 -26.071000     0.040       NaN    0.008    -0.068    0.872    1.155    0.998    0.460  100.000    8.681    8.970
2453161.49828        1.577    1.374     8180.957    1.371       -64.559    1.062     8182.116    0.940      -64.559    1.062   14.043   11.089   -4.431    2.911   0.4036   0.0009   0.3217   0.0013   0.4406   0.0017   0        7.337       47.951       -0.003        8.100       77.900 2453161.49753 -26.069000 -26.074000    -0.129       NaN    0.008    -0.069    0.872    1.151    0.998    0.540   99.997   14.042   11.091
2453367.73061       15.905    1.989     8193.116    1.937       -50.965    1.788     8192.372    1.660      -50.965    1.788   11.737   16.310  -30.663    3.927   0.4043   0.0016   0.3159   0.0023   0.4479   0.0029   0        7.325       48.221       -0.000        8.000       46.900 2453367.72986  22.312000  22.307000     0.280       NaN    0.019    -0.803    0.872   -0.763    0.998    0.480   59.996   11.740   16.288
2453367.73165       18.374    1.662     8196.201    1.564       -48.496    1.415     8195.455    1.205      -48.496    1.415   15.022   12.873  -28.750    3.701   0.4063   0.0013   0.3202   0.0018   0.4467   0.0023   0        7.324       48.169       -0.008        8.000       58.500 2453367.73090  22.309000  22.305000     0.261       NaN    0.019    -0.803    0.872   -0.765    0.998    0.470   59.996   15.021   12.838
2453367.73272       17.070    1.590     8193.600    1.507       -49.800    1.330     8192.852    1.129      -49.800    1.330    7.494   13.348  -24.901    3.091   0.4042   0.0012   0.3229   0.0017   0.4497   0.0022   0        7.315       48.171       -0.003        8.000       61.200 2453367.73198  22.307000  22.302000     0.264       NaN    0.019    -0.803    0.872   -0.767    0.998    0.480   59.996    7.492   13.326
2453367.73376       19.010    1.823     8197.741    1.749       -47.861    1.601     8196.991    1.437      -47.861    1.601   -9.467   13.693  -28.977    4.040   0.4032   0.0015   0.3169   0.0020   0.4462   0.0026   0        7.320       48.236       -0.005        8.000       51.700 2453367.73301  22.304000  22.300000     0.270       NaN    0.019    -0.803    0.872   -0.769    0.998    0.470   59.995   -9.464   13.662
2453367.73481       19.904    1.784     8198.455    1.700       -46.967    1.557     8197.703    1.376      -46.967    1.557   39.386   12.628  -27.545    3.923   0.4039   0.0014   0.3173   0.0020   0.4483   0.0026   0        7.322       48.218       -0.007        8.000       53.400 2453367.73406  22.302000  22.297000     0.306       NaN    0.019    -0.804    0.872   -0.771    0.998    0.470   59.996   39.396   12.613
2453367.73587       15.464    1.960     8195.292    1.900       -51.407    1.756     8194.538    1.617      -51.407    1.756   21.452   17.784  -29.366    4.173   0.4034   0.0016   0.3215   0.0022   0.4486   0.0029   0        7.317       48.218       -0.005        8.000       47.900 2453367.73511  22.299000  22.295000     0.352       NaN    0.019    -0.804    0.872   -0.773    0.998    0.480   59.996   21.454   17.755
2453367.73695       16.041    2.033     8195.504    1.979       -50.830    1.837     8194.748    1.709      -50.830    1.837   25.230   16.240  -28.916    5.317   0.3995   0.0016   0.3197   0.0023   0.4473   0.0030   0        7.327       48.222       -0.010        8.000       45.900 2453367.73620  22.297000  22.292000     0.378       NaN    0.019    -0.804    0.872   -0.775    0.998    0.530   59.996   25.238   16.234
2453367.73801       20.927    1.814     8199.658    1.735       -45.945    1.591     8198.900    1.419      -45.945    1.591   12.991   13.448  -21.350    4.563   0.4023   0.0014   0.3196   0.0020   0.4487   0.0026   0        7.329       48.167       -0.008        8.000       52.200 2453367.73725  22.294000  22.290000     0.321       NaN    0.019    -0.805    0.872   -0.777    0.998    0.550   59.995   12.980   13.410
2453367.73898       19.569    1.712     8196.863    1.619       -47.303    1.474     8196.103    1.275      -47.303    1.474   25.680   14.666  -16.581    3.405   0.4039   0.0013   0.3206   0.0019   0.4476   0.0024   0        7.332       48.154       -0.006        8.000       56.200 2453367.73823  22.292000  22.287000     0.351       NaN    0.019    -0.805    0.872   -0.779    0.998    0.430   60.001   25.673   14.636
2453367.74003       20.343    1.765     8198.550    1.672       -46.529    1.535     8197.788    1.342      -46.529    1.535   35.124   14.039  -20.052    3.988   0.4003   0.0014   0.3204   0.0019   0.4450   0.0025   0        7.326       48.172       -0.004        8.000       54.600 2453367.73928  22.289000  22.285000     0.387       NaN    0.019    -0.805    0.872   -0.781    0.998    0.430   59.995   35.129   14.021
2453371.78474        7.064    1.285     8183.238    1.046       -60.067    0.944     8183.335    0.755      -60.067    0.944   12.005    8.238  -18.001    2.359   0.4069   0.0009   0.3281   0.0012   0.4396   0.0016   0        7.320       48.116       -0.006        8.000       84.700 2453371.78399  20.964000  20.960000    -0.258       NaN    0.019    -1.063    0.872    0.078    0.724    0.490   59.995   12.023    8.241
2453371.78687        5.222    1.246     8183.370    1.016       -61.909    0.891     8183.463    0.713      -61.909    0.891   13.011    8.220  -18.440    2.351   0.4059   0.0008   0.3287   0.0012   0.4389   0.0015   0        7.323       48.115       -0.011        8.000       89.000 2453371.78612  20.959000  20.954000    -0.127       NaN    0.019    -1.064    0.872    0.074    0.724    0.500   59.995   13.031    8.230
2453371.78798        6.017    1.290     8182.602    1.050       -61.114    0.951     8182.693    0.760      -61.114    0.951   17.012    9.392  -23.600    2.885   0.4069   0.0009   0.3286   0.0012   0.4391   0.0016   0        7.314       48.141       -0.010        8.000       83.300 2453371.78723  20.956000  20.951000    -0.169       NaN    0.019    -1.064    0.872    0.072    0.724    0.500   59.995   17.029    9.400
2453371.78906        3.570    1.287     8180.419    1.051       -63.562    0.947     8180.508    0.762      -63.562    0.947   -6.256    8.688  -18.245    2.348   0.4055   0.0009   0.3287   0.0012   0.4375   0.0016   0        7.319       48.120       -0.014        8.000       82.900 2453371.78831  20.953000  20.948000    -0.067       NaN    0.019    -1.065    0.872    0.070    0.724    0.530   59.995   -6.229    8.688
2453371.79009        4.336    1.237     8182.460    1.008       -62.796    0.877     8182.547    0.701      -62.796    0.877   10.675    7.571  -18.649    1.987   0.4080   0.0008   0.3262   0.0011   0.4414   0.0015   0        7.319       48.122       -0.012        8.000       91.700 2453371.78934  20.950000  20.945000    -0.110       NaN    0.019    -1.065    0.872    0.068    0.724    0.490   59.995   10.680    7.588
2453371.79113        7.740    1.327     8185.055    1.079       -59.392    1.001     8185.140    0.800      -59.392    1.001  -11.214    8.049  -14.873    2.441   0.4055   0.0010   0.3311   0.0013   0.4360   0.0017   0        7.322       48.094       -0.009        8.000       78.300 2453371.79038  20.947000  20.942000    -0.169       NaN    0.019    -1.065    0.872    0.066    0.724    0.480   60.000  -11.197    8.051
2453371.79217        8.296    1.299     8187.189    1.058       -58.837    0.963     8187.272    0.771      -58.837    0.963   19.633    8.650  -20.627    2.362   0.4076   0.0009   0.3286   0.0013   0.4345   0.0016   0        7.323       48.114       -0.009        8.000       81.500 2453371.79142  20.944000  20.939000    -0.153       NaN    0.019    -1.065    0.872    0.064    0.724    0.470   59.995   19.644    8.654
2453371.79321        5.718    1.259     8182.983    1.027       -61.415    0.909     8183.064    0.728      -61.415    0.909   14.702    8.583  -16.173    2.079   0.4070   0.0009   0.3272   0.0012   0.4418   0.0015   0        7.320       48.094       -0.010        8.000       87.500 2453371.79246  20.941000  20.936000    -0.158       NaN    0.019    -1.066    0.872    0.062    0.724    0.450   59.995   14.703    8.612
2453371.79430        4.403    1.244     8182.191    1.015       -62.730    0.888     8182.270    0.711      -62.730    0.888   14.499    8.891  -22.520    2.449   0.4073   0.0008   0.3291   0.0012   0.4355   0.0015   0        7.318       48.131       -0.005        8.000       89.000 2453371.79355  20.938000  20.933000    -0.268       NaN    0.019    -1.066    0.872    0.060    0.724    0.500   60.001   14.519    8.896
2453401.75399      -84.971    2.037     8092.985    1.972      -151.355    1.841     8092.860    1.701     -151.355    1.841  -32.089   13.096  -18.559    5.486   0.4027   0.0016   0.3217   0.0023   0.4450   0.0030   0        7.339       48.092       -0.019        8.000       46.100 2453401.75325   9.111000   9.106000    -0.095       NaN    0.020    -0.317    0.872   -0.145    0.998    0.520  900.002  -32.078   13.072
2453401.76590      -85.065    1.222     8093.503    1.217      -151.453    0.857     8093.355    0.697     -151.453    0.857    5.889    8.352   -6.659    2.274   0.4048   0.0008   0.3200   0.0011   0.4468   0.0014   0        7.335       48.044       -0.008        8.000       94.800 2453401.76516   9.076000   9.071000    -0.141       NaN    0.020    -0.321    0.872   -0.168    0.998    0.620  900.001    5.891    8.318
2453406.73625      -80.959    0.913     8097.512    0.902      -147.824    0.345     8097.592    0.273     -147.824    0.345    2.690    3.374  -14.966    0.960   0.4052   0.0003   0.3183   0.0004   0.4420   0.0005   0        7.321       48.074       -0.008        8.000      243.100 2453406.73550   6.841000   6.837000     0.371       NaN    0.021    -0.798    0.845    0.059    0.860    0.510  317.902    2.695    3.200
2453466.66220      -27.226    0.988     8152.962    1.069       -94.222    0.465     8151.396    0.385      -94.222    0.465    5.978    4.153   -3.185    1.067   0.4014   0.0004   0.3291   0.0006   0.4351   0.0007   0        7.333       48.016       -0.008        8.000      180.300 2453466.66146 -19.301000 -19.305000     0.167       NaN    0.024    -0.929    0.872   -1.590    0.998    0.480  275.501    6.016    4.166
2453466.66582      -25.955    0.989     8154.729    1.071       -92.952    0.468     8153.156    0.388      -92.952    0.468   -0.309    4.493   -4.705    1.095   0.4014   0.0004   0.3289   0.0006   0.4347   0.0007   0        7.330       48.020       -0.007        8.000      178.000 2453466.66507 -19.309000 -19.314000     0.129       NaN    0.024    -0.930    0.872   -1.597    0.998    0.500  275.500   -0.265    4.509
2453489.51056       -2.065    0.880     8176.852    0.992       -68.966    0.409     8176.498    0.336      -68.966    0.409    1.588    4.125  -13.290    1.054   0.4017   0.0004   0.3305   0.0005   0.4272   0.0007   0        7.325       48.049       -0.007        8.000      197.000 2453489.50981 -24.765000 -24.770000     0.322       NaN    0.025    -0.834    0.779   -0.379    0.933    0.540  899.982    1.609    4.163
2453491.56893       -0.302    0.911     8179.513    1.017       -66.903    0.263     8178.822    0.197      -66.903    0.263   -7.290    2.421  -14.857    1.081   0.4001   0.0002   0.3226   0.0003   0.4366   0.0004   0        7.332       48.061       -0.008        8.000      348.500 2453491.56818 -25.255000 -25.259000     0.623       NaN    0.025    -0.534    0.872   -0.716    0.998    0.510  899.981   -7.278    2.483
2453511.53084       18.013    0.851     8197.466    0.978       -49.699    0.548     8196.449    0.437      -49.699    0.548   -0.554    4.474    2.358    1.315   0.4024   0.0005   0.3221   0.0007   0.4433   0.0009   0        7.328       47.953       -0.005        8.000      150.600 2453511.53009 -26.868000 -26.872000    -0.083       NaN    0.026    -1.645    0.651   -1.043    0.875    0.530  211.903   -0.551    4.388
2453511.53359       19.588    0.836     8198.646    0.970       -48.125    0.524     8197.624    0.418      -48.125    0.524    1.211    5.282    1.445    1.265   0.4016   0.0005   0.3209   0.0006   0.4404   0.0008   0        7.325       47.971       -0.009        8.000      157.900 2453511.53284 -26.873000 -26.878000    -0.112       NaN    0.026    -1.646    0.651   -1.048    0.875    0.500  211.902    1.216    5.181
2453511.53644       18.306    0.839     8196.856    0.972       -49.408    0.530     8195.828    0.423      -49.408    0.530   -8.006    4.420    2.651    1.312   0.4023   0.0005   0.3211   0.0006   0.4423   0.0008   0        7.326       47.952       -0.006        8.000      157.700 2453511.53569 -26.879000 -26.884000    -0.063       NaN    0.026    -1.647    0.651   -1.054    0.875    0.520  211.901   -8.002    4.335
2453511.53922       19.076    0.819     8197.808    0.960       -48.639    0.497     8196.775    0.396      -48.639    0.497   -2.724    5.083    2.163    1.296   0.4022   0.0004   0.3222   0.0006   0.4410   0.0008   0        7.328       47.962       -0.007        8.000      167.900 2453511.53847 -26.885000 -26.889000     0.142       NaN    0.026    -1.648    0.651   -1.059    0.875    0.510  211.901   -2.721    4.992
2453512.47445       16.011    0.917     8193.884    0.984       -51.023    0.772     8193.150    0.680      -51.023    0.772   16.945    6.546  -18.574    1.490   0.4053   0.0007   0.3217   0.0010   0.4394   0.0013   0        7.327       48.119       -0.008        8.000      100.600 2453512.47370 -26.746000 -26.750000     0.772       NaN    0.026    -0.967    0.495   -0.760    0.711    0.270  269.682   16.941    6.466
2453512.47930       18.410    0.813     8198.432    0.914       -48.625    0.645     8197.688    0.574      -48.625    0.645    7.880    6.470  -19.331    1.536   0.4040   0.0006   0.3201   0.0009   0.4394   0.0011   0        7.323       48.112       -0.007        8.000      116.900 2453512.47856 -26.757000 -26.762000     0.806       NaN    0.026    -0.968    0.495   -0.770    0.711    0.710  269.681    7.882    6.417
2453512.48212       18.249    0.698     8197.416    0.835       -48.787    0.492     8196.667    0.437      -48.787    0.492    0.147    4.315  -19.422    1.374   0.4037   0.0005   0.3196   0.0007   0.4388   0.0009   0        7.329       48.107       -0.006        8.000      155.300 2453512.48137 -26.764000 -26.769000     1.200       NaN    0.026    -0.969    0.495   -0.775    0.711    0.500  269.681    0.155    4.162
2453516.52917       24.359    1.060     8203.182    1.026       -42.482    0.777     8203.011    0.640      -42.482    0.777   10.234    6.949   -5.016    2.175   0.4039   0.0007   0.3247   0.0010   0.4364   0.0013   0        7.332       48.026       -0.004        8.000      105.500 2453516.52842 -26.813000 -26.818000    -0.231       NaN    0.027    -0.774    0.720   -0.198    0.802    0.510  230.001   10.238    6.882
2453516.53235       23.113    1.001     8202.077    0.988       -43.729    0.695     8201.900    0.577      -43.729    0.695   -2.951    5.687   -1.453    2.168   0.4050   0.0006   0.3245   0.0009   0.4357   0.0011   0        7.335       47.991       -0.007        8.000      117.800 2453516.53160 -26.819000 -26.824000    -0.121       NaN    0.027    -0.775    0.720   -0.204    0.802    0.570  230.002   -2.947    5.558
2453516.53496       23.397    1.086     8202.463    1.043       -43.446    0.813     8202.281    0.667      -43.446    0.813    1.984    7.141   -1.142    2.452   0.4016   0.0007   0.3232   0.0010   0.4347   0.0013   0        7.334       48.021       -0.005        8.000      101.400 2453516.53422 -26.824000 -26.829000     0.076       NaN    0.027    -0.776    0.720   -0.209    0.802    0.410  230.001    1.994    7.047
2453516.53806       23.316    1.539     8200.120    1.409       -43.528    1.360     8199.933    1.159      -43.528    1.360   15.638   10.937  -18.087    4.329   0.3983   0.0012   0.3248   0.0017   0.4409   0.0022   0        7.337       48.125       -0.012        8.000       61.700 2453516.53732 -26.830000 -26.834000    -0.043       NaN    0.027    -0.777    0.720   -0.214    0.802    0.440  230.002   15.634   10.899
2453542.46812       41.531    0.909     8220.644    1.016       -24.863    0.257     8220.917    0.191      -24.863    0.257    4.293    2.666   -9.269    1.026   0.3989   0.0002   0.3220   0.0003   0.4376   0.0004   0        7.322       48.042       -0.008        8.000      344.600 2453542.46738 -23.480000 -23.485000     1.088       NaN    0.028    -0.327    0.872    0.245    0.998    0.490  900.002    4.325    2.521
2453675.86213       31.712    0.821     8208.861    0.714       -35.714    0.224     8208.856    0.152      -35.714    0.224    0.810    2.706    3.720    0.861   0.4015   0.0002   0.3300   0.0002   0.4381   0.0003 128        7.326       48.005       -0.008        8.000      430.700 2453675.86138  25.747000  25.742000     0.617       NaN    0.035    -1.359    0.790   -0.040    0.698    0.520  900.003    0.827    2.466
2453696.85739       48.280    0.936     8227.614    1.032       -16.830    0.348     8227.527    0.264      -16.830    0.348    5.449    4.175   -0.825    1.011   0.4024   0.0003   0.3225   0.0004   0.4469   0.0005   0        7.322       48.013       -0.008        8.000      248.400 2453696.85665  27.501000  27.496000    -0.218       NaN    0.036     0.958    0.869   -0.123    0.998    0.490  270.002    5.466    4.107
2453696.86091       47.903    0.942     8227.198    1.036       -17.208    0.365     8227.105    0.278      -17.208    0.365    2.416    3.538   -0.412    0.901   0.4023   0.0003   0.3231   0.0004   0.4473   0.0006   0        7.323       48.007       -0.007        8.000      236.300 2453696.86016  27.493000  27.488000    -0.136       NaN    0.036     0.957    0.869   -0.129    0.998    0.500  269.998    2.427    3.454
2453696.86430       47.561    0.948     8227.315    1.040       -17.550    0.379     8227.215    0.293      -17.550    0.379    1.025    3.710   -0.699    0.907   0.4013   0.0003   0.3230   0.0004   0.4479   0.0006   0        7.321       48.008       -0.007        8.000      224.800 2453696.86356  27.485000  27.480000    -0.276       NaN    0.036     0.956    0.869   -0.136    0.998    0.470  270.001    1.037    3.631
2453757.76397       69.310    0.945     8248.104    1.037         3.123    0.365     8247.729    0.284        3.123    0.365   -4.025    3.207   -3.383    0.988   0.4054   0.0003   0.3053   0.0004   0.4427   0.0006   0        7.323       48.019       -0.009        8.000      235.500 2453757.76334  13.202000  13.197000     0.430       NaN    0.039    -0.120    0.872   -0.414    0.998    0.520  450.002   -3.990    3.221
2453757.76932       68.318    0.945     8247.510    1.037         2.129    0.364     8247.124    0.283        2.129    0.364   -2.520    3.429   -3.078    0.862   0.4048   0.0003   0.3048   0.0004   0.4430   0.0006   0        7.324       48.016       -0.006        8.000      236.900 2453757.76867  13.186000  13.181000     0.443       NaN    0.039    -0.122    0.872   -0.425    0.998    0.470  450.002   -2.488    3.437
2453762.72128       70.714    0.673     8249.745    0.796         4.263    0.297     8249.224    0.224        4.263    0.297    0.472    2.784   -4.112    0.812   0.4042   0.0003   0.3089   0.0003   0.4409   0.0005   0        7.326       48.018       -0.008        8.000      293.500 2453762.72063  11.139000  11.134000     0.393       NaN    0.040    -0.383    0.604   -0.561    0.764    0.460  450.000    0.506    2.804
2453762.72702       70.602    0.680     8249.772    0.800         4.150    0.313     8249.240    0.239        4.150    0.313    1.547    3.072   -3.726    0.633   0.4040   0.0003   0.3077   0.0004   0.4412   0.0005   0        7.324       48.018       -0.009        8.000      276.400 2453762.72638  11.122000  11.118000    -0.124       NaN    0.040    -0.385    0.604   -0.572    0.764    0.480  450.001    1.580    3.088
2453784.69045       66.790    0.855     8246.047    0.915        -0.691    0.389     8244.407    0.303       -0.691    0.389    3.237    3.888   -0.974    0.966   0.4050   0.0003   0.3266   0.0005   0.4398   0.0006   0        7.326       47.991       -0.008        8.000      220.400 2453784.68980   0.886000   0.881000     0.043       NaN    0.041    -1.414    0.762   -1.681    0.864    0.490  400.002    3.257    3.886
2453784.69537       65.452    0.844     8244.874    0.908        -2.030    0.363     8243.225    0.282       -2.030    0.363   -0.021    3.636    0.521    0.836   0.4050   0.0003   0.3257   0.0004   0.4400   0.0006   0        7.327       47.983       -0.007        8.000      237.100 2453784.69472   0.871000   0.867000     0.199       NaN    0.041    -1.415    0.762   -1.690    0.864    0.470  400.001   -0.004    3.630
2453788.76055       58.735    0.934     8238.325    1.033        -8.207    0.343     8237.355    0.268       -8.207    0.343    1.305    3.048   -3.562    0.707   0.4030   0.0003   0.3208   0.0004   0.4443   0.0005   0        7.323       48.012       -0.008        8.000      245.800 2453788.75991  -1.238000  -1.243000     0.114       NaN    0.041    -0.875    0.868   -1.011    0.998    0.470  400.000    1.352    3.013
2453788.76561       58.446    0.931     8237.546    1.031        -8.497    0.335     8236.566    0.261       -8.497    0.335    2.012    3.176   -2.886    0.821   0.4041   0.0003   0.3203   0.0004   0.4455   0.0005   0        7.323       48.005       -0.010        8.000      252.000 2453788.76496  -1.251000  -1.256000     0.226       NaN    0.041    -0.876    0.868   -1.021    0.998    0.480  400.001    2.051    3.140
2453813.64359        0.962    0.956     8180.040    1.021       -65.540    0.392     8179.729    0.309      -65.540    0.392   -0.817    3.834   -8.999    0.978   0.4034   0.0004   0.3176   0.0005   0.4338   0.0006   0        7.321       48.036       -0.010        8.000      209.900 2453813.64295 -12.349000 -12.353000     0.076       NaN    0.042    -0.435    0.872   -0.353    0.973    0.480  420.001   -0.807    3.889
2453813.64885       -0.055    0.955     8179.464    1.020       -66.559    0.390     8179.143    0.306      -66.559    0.390   -1.584    3.944   -8.525    0.997   0.4042   0.0004   0.3187   0.0005   0.4344   0.0006   0        7.323       48.033       -0.009        8.000      211.000 2453813.64821 -12.364000 -12.368000     0.043       NaN    0.042    -0.437    0.872   -0.363    0.973    0.480  420.002   -1.578    4.006
2453829.66079      -66.067    0.611     8113.084    0.729      -132.500    0.314     8113.071    0.241     -132.500    0.314    4.738    3.147   -4.236    0.674   0.3990   0.0003   0.3289   0.0004   0.4346   0.0005   0        7.324       47.998       -0.008        8.000      273.000 2453829.66014 -18.549000 -18.553000     0.275       NaN    0.043    -0.365    0.524   -0.056    0.688    0.460  400.000    4.769    2.979
2453829.66588      -65.258    0.610     8113.640    0.728      -131.692    0.312     8113.618    0.239     -131.692    0.312    5.281    3.287   -6.341    0.752   0.3994   0.0003   0.3291   0.0004   0.4348   0.0005   0        7.324       48.011       -0.009        8.000      278.600 2453829.66523 -18.561000 -18.565000     0.109       NaN    0.043    -0.367    0.524   -0.065    0.688    0.470  400.000    5.307    3.119
2453830.68364      -70.746    0.759     8108.045    0.886      -136.588    0.354     8108.714    0.275     -136.588    0.354    5.413    3.259   -3.301    0.886   0.4000   0.0003   0.3215   0.0004   0.4450   0.0005   0        7.325       47.993       -0.006        8.000      246.600 2453830.68300 -18.937000 -18.942000     0.248       NaN    0.043     0.225    0.671    0.626    0.842    0.480  400.001    5.437    3.063
2453830.68854      -71.507    0.767     8107.126    0.891      -137.351    0.371     8107.786    0.289     -137.351    0.371    4.931    2.829   -3.360    0.852   0.3997   0.0003   0.3222   0.0004   0.4438   0.0006   0        7.326       47.995       -0.007        8.000      235.600 2453830.68789 -18.948000 -18.952000     0.069       NaN    0.043     0.224    0.671    0.617    0.842    0.450  399.999    4.952    2.624
2453831.61150      -73.333    0.570     8105.483    0.610      -140.147    0.358     8104.825    0.279     -140.147    0.358    1.958    3.150   -2.805    0.893   0.4012   0.0003   0.3218   0.0004   0.4440   0.0005   0        7.327       47.992       -0.009        8.000      244.200 2453831.61086 -19.091000 -19.096000     0.642       NaN    0.043    -0.747    0.443   -0.701    0.542    0.500  400.001    1.978    2.944
2453831.61651      -74.655    0.550     8104.433    0.598      -141.471    0.326     8103.765    0.252     -141.471    0.326    0.623    3.356   -3.825    0.823   0.4011   0.0003   0.3212   0.0004   0.4439   0.0005   0        7.326       48.004       -0.010        8.000      268.700 2453831.61587 -19.105000 -19.109000     0.673       NaN    0.043    -0.749    0.443   -0.711    0.542    0.490  400.002    0.637    3.132
2453832.65999      -75.208    0.627     8104.347    1.037      -141.388    0.367     8104.054    0.284     -141.388    0.367   -0.926    3.025   -4.777    0.817   0.3993   0.0003   0.3216   0.0004   0.4441   0.0005   0        7.326       48.010       -0.009        8.000      242.300 2453832.65935 -19.539000 -19.544000    -0.318       NaN    0.043    -0.112    0.509   -0.336    0.998    0.480  400.001   -0.906    2.787
2453832.66505      -75.270    0.624     8103.938    1.037      -141.451    0.361     8103.636    0.281     -141.451    0.361   -0.288    3.215   -5.607    0.772   0.3999   0.0003   0.3213   0.0004   0.4437   0.0005   0        7.327       48.015       -0.008        8.000      245.500 2453832.66441 -19.551000 -19.555000    -0.009       NaN    0.043    -0.114    0.509   -0.345    0.998    0.480  400.000   -0.270    3.032
2453833.59954      -77.417    0.929     8102.141    1.028      -143.587    0.322     8101.964    0.249     -143.587    0.322   -2.177    3.155   -6.789    0.902   0.4049   0.0003   0.3214   0.0004   0.4449   0.0005   0        7.323       48.015       -0.008        8.000      262.600 2453833.59889 -19.705000 -19.709000    -0.025       NaN    0.043    -0.103    0.872   -0.220    0.998    0.480  400.000   -2.166    2.909
2453833.60452      -78.052    0.930     8101.671    1.029      -144.224    0.325     8101.484    0.251     -144.224    0.325   -4.487    3.284   -7.981    0.811   0.4060   0.0003   0.3222   0.0004   0.4453   0.0005   0        7.323       48.022       -0.007        8.000      260.700 2453833.60388 -19.718000 -19.723000    -0.294       NaN    0.043    -0.104    0.872   -0.230    0.998    0.470  400.000   -4.472    3.028
2453834.58049      -77.748    0.711     8102.398    0.868      -143.941    0.319     8101.199    0.246     -143.941    0.319    1.143    3.068   -5.625    0.798   0.4009   0.0003   0.3291   0.0004   0.4445   0.0005   0        7.324       48.007       -0.008        8.000      270.400 2453834.57985 -19.966000 -19.971000     0.160       NaN    0.043    -0.126    0.636   -1.242    0.833    0.470  400.000    1.155    2.813
2453834.58546      -78.504    0.711     8101.815    0.868      -144.698    0.318     8100.607    0.246     -144.698    0.318   -1.721    2.975   -6.388    0.676   0.4015   0.0003   0.3294   0.0004   0.4450   0.0005   0        7.325       48.013       -0.009        8.000      269.900 2453834.58481 -19.980000 -19.985000     0.103       NaN    0.043    -0.127    0.636   -1.251    0.833    0.460  400.000   -1.710    2.708
2453835.62715      -80.603    0.629     8098.652    0.579      -146.747    0.361     8098.524    0.282     -146.747    0.361    2.009    3.621   -5.311    0.833   0.4019   0.0003   0.3219   0.0004   0.4461   0.0006   0        7.326       48.011       -0.009        8.000      238.900 2453835.62650 -20.397000 -20.402000    -0.089       NaN    0.043    -0.077    0.516   -0.171    0.505    0.470  400.000    2.013    3.418
2453835.63216      -80.127    0.631     8098.914    0.580      -146.273    0.364     8098.776    0.285     -146.273    0.364    4.711    3.253   -4.997    0.727   0.4022   0.0003   0.3221   0.0004   0.4443   0.0006   0        7.325       48.010       -0.010        8.000      235.800 2453835.63151 -20.410000 -20.415000    -0.059       NaN    0.043    -0.079    0.516   -0.181    0.505    0.470  400.001    4.715    3.019
2453836.65158      -82.871    0.664     8097.925    0.651      -148.513    0.336     8097.682    0.261     -148.513    0.336    5.049    3.067   -5.243    0.844   0.4004   0.0003   0.3280   0.0004   0.4432   0.0005   0        7.327       48.010       -0.008        8.000      257.500 2453836.65095 -20.756000 -20.761000     0.255       NaN    0.044     0.425    0.573   -0.287    0.597    0.470  400.000    5.051    2.881
2453836.65667      -81.030    0.671     8099.206    0.656      -146.673    0.349     8098.953    0.272     -146.673    0.349    8.951    3.147   -5.878    0.740   0.4006   0.0003   0.3286   0.0004   0.4435   0.0005   0        7.324       48.011       -0.007        8.000      247.500 2453836.65603 -20.768000 -20.772000    -0.151       NaN    0.044     0.424    0.573   -0.297    0.597    0.480  399.999    8.954    2.922
2453861.60792      -72.023    0.921     8106.851    0.737      -137.767    0.296     8107.871    0.238     -137.767    0.296   -1.587    3.016   -0.004    0.688   0.4008   0.0002   0.3226   0.0004   0.4354   0.0005   0        7.326       47.981       -0.008        8.000      288.800 2453861.60728 -26.014000 -26.019000     0.093       NaN    0.045     0.323    0.872    0.975    0.697    0.480  900.002   -1.572    2.810
2453863.55112      -72.520    0.909     8107.233    0.984      -137.348    0.321     8108.414    0.248     -137.348    0.321   -0.126    3.604   -6.741    0.744   0.4009   0.0003   0.3228   0.0004   0.4403   0.0005   0        7.323       48.001       -0.007        8.000      267.800 2453863.55048 -26.126000 -26.131000     0.370       NaN    0.045     1.239    0.850    1.136    0.952    0.470  420.000   -0.110    3.428
2453863.55622      -71.937    0.922     8107.422    0.992      -136.766    0.355     8108.593    0.279     -136.766    0.355    1.924    3.406   -4.040    0.659   0.4013   0.0003   0.3226   0.0004   0.4403   0.0005   0        7.322       47.999       -0.007        8.000      241.100 2453863.55557 -26.137000 -26.142000     0.267       NaN    0.045     1.238    0.850    1.126    0.952    0.440  420.000    1.938    3.214
2453865.57119      -69.301    0.934     8109.743    1.031      -135.514    0.335     8109.918    0.260     -135.514    0.335    1.863    3.040   -7.814    0.769   0.4008   0.0003   0.3302   0.0004   0.4284   0.0005   0        7.322       48.008       -0.007        8.000      248.200 2453865.57055 -26.370000 -26.374000     0.101       NaN    0.045    -0.146    0.872    0.130    0.998    0.460  420.001    1.870    2.813
2453865.57651      -69.637    0.935     8109.752    1.032      -135.852    0.339     8109.917    0.264     -135.852    0.339   -2.353    3.547   -8.681    0.726   0.4005   0.0003   0.3294   0.0004   0.4286   0.0005   0        7.321       48.011       -0.008        8.000      245.000 2453865.57587 -26.380000 -26.385000     0.114       NaN    0.045    -0.148    0.872    0.120    0.998    0.470  420.000   -2.346    3.349
2453867.55390      -67.362    0.947     8111.982    1.039      -133.620    0.371     8112.190    0.291     -133.620    0.371    5.568    3.779   -4.476    0.748   0.4009   0.0003   0.3288   0.0004   0.4419   0.0006   0        7.325       48.000       -0.007        8.000      233.100 2453867.55324 -26.504000 -26.509000     0.615       NaN    0.045    -0.191    0.872    0.163    0.998    0.430  420.001    5.582    3.635
2453867.55942      -66.306    0.953     8112.757    1.043      -132.566    0.385     8112.955    0.303     -132.566    0.385   -3.247    3.406   -3.325    0.953   0.4017   0.0003   0.3286   0.0004   0.4409   0.0006   0        7.324       47.995       -0.007        8.000      225.500 2453867.55878 -26.516000 -26.521000     0.558       NaN    0.045    -0.193    0.872    0.153    0.998    0.480  420.000   -3.233    3.238
2453870.49857      -62.660    0.927     8116.202    1.027      -129.065    0.314     8116.516    0.243     -129.065    0.314    5.033    2.955   -6.917    0.837   0.4015   0.0003   0.3297   0.0004   0.4430   0.0005   0        7.323       48.016       -0.007        8.000      277.500 2453870.49793 -26.581000 -26.586000     0.554       NaN    0.045    -0.338    0.872    0.269    0.998    0.480  430.001    5.050    2.784
2453870.50392      -63.283    0.925     8115.888    1.026      -129.689    0.308     8116.191    0.237     -129.689    0.308    3.847    2.594   -6.814    0.771   0.4011   0.0003   0.3291   0.0004   0.4423   0.0005   0        7.324       48.016       -0.008        8.000      283.300 2453870.50327 -26.594000 -26.599000     1.042       NaN    0.045    -0.339    0.872    0.258    0.998    0.470  430.001    3.863    2.396
2453882.49591      -53.603    0.962     8125.475    1.048      -120.548    0.407     8124.807    0.321     -120.548    0.407    6.982    3.306   -8.591    0.795   0.4048   0.0004   0.3238   0.0005   0.4354   0.0006   0        7.321       48.019       -0.009        8.000      208.200 2453882.49526 -26.741000 -26.746000     0.000       NaN    0.046    -0.878    0.872   -0.714    0.998    0.470  250.003    6.999    3.215
2453882.49915      -53.676    0.963     8125.568    1.049      -120.622    0.410     8124.894    0.324     -120.622    0.410   13.628    3.448   -7.702    0.981   0.4053   0.0004   0.3244   0.0005   0.4353   0.0006   0        7.323       48.020       -0.008        8.000      206.200 2453882.49850 -26.748000 -26.753000     0.000       NaN    0.046    -0.879    0.872   -0.720    0.998    0.460  249.999   13.648    3.358
2453882.50242      -54.212    0.970     8125.229    1.053      -121.159    0.425     8124.549    0.335     -121.159    0.425    6.214    4.383   -6.660    1.007   0.4045   0.0004   0.3238   0.0005   0.4350   0.0007   0        7.325       48.025       -0.008        8.000      200.300 2453882.50177 -26.755000 -26.760000     0.000       NaN    0.046    -0.880    0.872   -0.726    0.998    0.450  250.001    6.237    4.307
2454078.84216      -10.915    0.957     8167.726    1.044       -76.643    0.396     8167.791    0.307      -76.643    0.396   -0.915    4.746   -5.519    0.865   0.4066   0.0003   0.3234   0.0005   0.4410   0.0006   0        7.324       48.052       -0.013        8.000      216.300 2454078.84154  26.309000  26.304000     0.304       NaN    0.056     0.339    0.872    0.009    0.998    0.580  360.003   -0.904    4.786
2454078.84619      -12.762    0.936     8165.933    1.031       -78.491    0.340     8165.990    0.258      -78.491    0.340    6.270    2.986   -5.540    0.903   0.4075   0.0003   0.3247   0.0004   0.4490   0.0005   0        7.325       48.050       -0.010        8.000      258.800 2454078.84555  26.299000  26.294000     0.272       NaN    0.056     0.338    0.872    0.001    0.998    0.460  359.998    6.284    3.054
2454117.73033       32.779    1.001     8212.298    1.071       -32.810    0.492     8212.023    0.389      -32.810    0.492    9.997    5.131   -7.166    0.986   0.4046   0.0004   0.3100   0.0006   0.4421   0.0008   0        7.323       48.065       -0.008        8.000      168.700 2454117.72971  15.493000  15.488000     0.023       NaN    0.058     0.478    0.872   -0.333    0.998    0.550  300.000   10.016    5.036
2454117.73883       32.890    0.968     8212.635    1.052       -32.701    0.422     8212.343    0.332      -32.701    0.422    3.330    4.495   -8.037    0.916   0.4059   0.0004   0.3105   0.0005   0.4527   0.0007   0        7.323       48.059       -0.010        8.000      196.600 2454117.73819  15.469000  15.464000     0.188       NaN    0.058     0.476    0.872   -0.350    0.998    0.470  300.000    3.355    4.370
2454117.74484       32.948    0.967     8212.918    1.050       -32.645    0.418     8212.615    0.328      -32.645    0.418    7.109    4.413   -7.800    0.845   0.4047   0.0004   0.3110   0.0005   0.4519   0.0007   0        7.324       48.057       -0.011        8.000      200.500 2454117.74420  15.452000  15.447000     0.439       NaN    0.058     0.474    0.872   -0.361    0.998    0.470  300.001    7.130    4.289
2454122.77292       36.222    0.931     8214.058    0.867       -29.651    0.328     8214.958    0.251      -29.651    0.328    1.313    2.922   -9.209    0.802   0.4005   0.0003   0.3173   0.0004   0.4380   0.0005   0        7.327       48.069       -0.011        8.000      265.100 2454122.77227  13.276000  13.271000     0.115       NaN    0.059     0.194    0.872    0.841    0.830    0.470  450.000    1.344    2.755
2454122.77859       35.388    0.927     8213.259    0.863       -30.487    0.314     8214.148    0.239      -30.487    0.314   -0.298    2.852   -8.193    0.866   0.4007   0.0003   0.3177   0.0004   0.4388   0.0005   0        7.325       48.068       -0.011        8.000      276.200 2454122.77796  13.259000  13.255000     0.144       NaN    0.059     0.192    0.872    0.830    0.830    0.490  450.000   -0.272    2.667
2454136.72732       48.373    0.707     8226.865    0.584       -16.190    0.370     8228.104    0.288      -16.190    0.370    3.167    3.938   -7.175    0.916   0.4007   0.0003   0.3212   0.0004   0.4360   0.0006   0        7.328       48.049       -0.010        8.000      231.900 2454136.72667   7.107000   7.102000     0.777       NaN    0.059     1.504    0.603    1.180    0.508    0.480  299.997    3.182    3.881
2454136.73115       47.801    0.710     8227.216    0.586       -16.763    0.374     8228.448    0.293      -16.763    0.374    3.326    3.669   -5.189    0.836   0.4013   0.0003   0.3215   0.0004   0.4378   0.0006   0        7.328       48.043       -0.011        8.000      229.200 2454136.73052   7.095000   7.091000     0.659       NaN    0.059     1.503    0.603    1.173    0.508    0.480  299.995    3.351    3.604
2454136.73505       47.174    0.710     8226.485    0.587       -17.391    0.375     8227.710    0.294      -17.391    0.375    2.072    3.677   -5.875    0.889   0.4007   0.0003   0.3226   0.0004   0.4366   0.0006   0        7.326       48.048       -0.010        8.000      227.300 2454136.73442   7.084000   7.079000     0.827       NaN    0.059     1.502    0.603    1.166    0.508    0.500  299.993    2.090    3.607
2454166.64681       65.785    0.907     8244.372    1.014        -0.650    0.249     8244.010    0.182       -0.650    0.249   -1.745    2.445   -6.030    0.775   0.4036   0.0002   0.3165   0.0003   0.4316   0.0004   0        7.330       48.038       -0.010        8.000      374.500 2454166.64618  -6.935000  -6.940000     0.640       NaN    0.061    -0.368    0.872   -0.423    0.998    0.510  899.997   -1.713    2.446
2454196.65360       70.401    0.937     8249.996    1.033         4.520    0.345     8249.854    0.269        4.520    0.345    4.170    3.447   -6.079    0.778   0.4013   0.0003   0.3287   0.0004   0.4460   0.0005   0        7.327       48.024       -0.010        8.000      254.100 2454196.65296 -19.096000 -19.101000     0.580       NaN    0.063     0.186    0.872   -0.205    0.998    0.470  420.000    4.216    3.462
2454202.59356       70.446    0.940     8249.500    1.006         4.749    0.351     8250.029    0.281        4.749    0.351    3.443    3.425   -5.525    0.746   0.4032   0.0003   0.3285   0.0004   0.4376   0.0006   0        7.326       48.018       -0.009        8.000      232.000 2454202.59291 -20.831000 -20.836000     0.136       NaN    0.063     0.370    0.871    0.466    0.966    0.470  419.995    3.474    3.442
2454202.59883       69.291    0.945     8248.873    1.010         3.592    0.366     8249.392    0.295        3.592    0.366    3.134    3.479   -4.107    0.802   0.4032   0.0003   0.3294   0.0005   0.4355   0.0006   0        7.328       48.017       -0.010        8.000      220.900 2454202.59818 -20.845000 -20.850000     0.319       NaN    0.063     0.368    0.871    0.456    0.966    0.480  419.995    3.170    3.493
2454228.59107       58.021    0.880     8237.883    0.846        -9.505    0.356     8236.022    0.283       -9.505    0.356    7.284    3.706   -3.242    0.713   0.4022   0.0003   0.3292   0.0004   0.4336   0.0005   0        7.330       48.008       -0.007        8.000      241.500 2454228.59043 -26.177000 -26.182000     0.455       NaN    0.064    -1.459    0.805   -1.925    0.797    0.460  400.000    7.300    3.672
2454228.59610       57.823    0.889     8237.508    0.852        -9.704    0.377     8235.637    0.301       -9.704    0.377    6.794    4.347   -3.127    0.767   0.4025   0.0003   0.3286   0.0004   0.4336   0.0006   0        7.330       48.012       -0.009        8.000      229.000 2454228.59546 -26.187000 -26.192000     0.427       NaN    0.064    -1.460    0.805   -1.935    0.797    0.470  400.001    6.818    4.318
2454232.52192       53.202    0.953     8232.591    1.048       -12.699    0.385     8232.496    0.320      -12.699    0.385   -1.431    3.949   -5.806    0.788   0.4030   0.0004   0.3303   0.0005   0.4406   0.0006   0        7.326       48.020       -0.009        8.000      208.900 2454232.52129 -26.422000 -26.427000     0.254       NaN    0.065     0.166    0.872   -0.160    0.998    0.500  400.000   -1.413    3.900
2454232.52686       52.957    0.937     8232.395    1.038       -12.945    0.344     8232.290    0.286      -12.945    0.344    7.692    3.105   -5.186    0.788   0.4035   0.0003   0.3309   0.0004   0.4403   0.0006   0        7.326       48.022       -0.012        8.000      234.900 2454232.52622 -26.434000 -26.439000     0.250       NaN    0.065     0.165    0.872   -0.170    0.998    0.490  400.001    7.718    3.043
2454296.45700      -74.172    0.961     8105.653    0.784      -140.180    0.405     8104.588    0.320     -140.180    0.405    3.517    4.057   -1.174    0.902   0.4028   0.0003   0.3283   0.0005   0.4451   0.0006   0        7.332       48.009       -0.010        8.000      217.300 2454296.45605 -16.781000 -16.786000     0.000       NaN    0.068     0.059    0.872   -1.133    0.715    0.540  420.000    3.522    3.876
2454296.46603      -75.559    1.015     8104.830    0.829      -141.569    0.520     8103.747    0.419     -141.569    0.520   10.451    4.747   -2.877    1.203   0.4015   0.0004   0.3301   0.0006   0.4445   0.0008   0        7.333       48.020       -0.011        8.000      166.100 2454296.46539 -16.787000 -16.792000     0.000       NaN    0.068     0.057    0.872   -1.151    0.715    0.470  419.998   10.454    4.608
2454429.85258       46.379    0.855     8223.762    0.971       -17.524    0.301     8226.300    0.220      -17.524    0.301  -10.115    3.818    1.170    0.600   0.4068   0.0002   0.3307   0.0003   0.4389   0.0004   0        7.332       48.000       -0.009        8.000      307.300 2454429.85195  27.471000  27.466000     1.296       NaN    0.075     2.164    0.801    2.463    0.946    0.520  899.997  -10.098    3.750
2454564.56119       52.101    0.724     8230.846    0.763       -13.058    0.457     8231.862    0.350      -13.058    0.457  -16.638    4.920   11.826    1.193   0.3984   0.0004   0.3269   0.0005   0.4433   0.0007   0        7.336       47.860       -0.005        8.000      197.300 2454564.56057 -19.762000 -19.767000     0.158       NaN    0.082     0.908    0.561    0.934    0.678    0.550  420.000  -16.604    4.888
2454564.56584       52.322    0.702     8231.048    0.749       -12.839    0.422     8232.055    0.318      -12.839    0.422  -12.261    3.965   12.344    0.932   0.3979   0.0003   0.3265   0.0005   0.4439   0.0006   0        7.337       47.864       -0.005        8.000      217.600 2454564.56518 -19.775000 -19.780000     0.443       NaN    0.082     0.907    0.561    0.925    0.678    0.430  420.000  -12.224    3.921
2454850.82148       32.105    0.895     8211.414    1.018       -33.524    0.287     8211.613    0.204      -33.524    0.287   -7.436    3.696   12.083    0.550   0.4016   0.0002   0.3050   0.0003   0.4397   0.0004   0        7.336       47.908       -0.003        8.000      322.700 2454850.82083  14.205000  14.201000     0.554       NaN    0.097     0.438    0.848    0.102    0.998    0.490  750.000   -7.415    3.515
2455225.73975      -31.150    0.766     8146.804    0.832       -98.392    0.341     8146.305    0.269      -98.392    0.341   -2.825    3.525    4.681    0.894   0.4056   0.0003   0.2974   0.0004   0.4465   0.0005   0        7.333       47.972       -0.011        8.000      251.400 2455225.73898  10.173000  10.168000     0.034       NaN    0.117    -1.175    0.685   -0.616    0.788    0.520  399.999   -2.782    3.532
2455225.74429      -31.824    0.828     8145.810    0.872       -99.068    0.464     8145.302    0.374      -99.068    0.464    2.290    3.781    4.775    1.166   0.4055   0.0004   0.2982   0.0005   0.4461   0.0007   0        7.331       47.975       -0.011        8.000      181.900 2455225.74352  10.159000  10.155000     0.146       NaN    0.117    -1.177    0.685   -0.625    0.788    0.420  399.998    2.321    3.784
2455246.75304      -10.824    0.834     8169.018    0.754       -76.669    0.434     8168.729    0.352      -76.669    0.434   -4.551    3.674    7.382    1.279   0.4059   0.0004   0.3255   0.0005   0.4362   0.0007   0        7.338       47.933       -0.008        8.000      195.600 2455246.75227   0.208000   0.203000    -0.197       NaN    0.118     0.222    0.712   -0.407    0.667    0.510  450.002   -4.537    3.713
2455246.75865      -10.319    0.825     8169.889    0.747       -76.166    0.417     8169.589    0.338      -76.166    0.417   -2.879    4.493    7.225    1.190   0.4062   0.0004   0.3251   0.0005   0.4377   0.0007   0        7.337       47.942       -0.010        8.000      204.200 2455246.75788   0.192000   0.188000     0.101       NaN    0.118     0.220    0.712   -0.418    0.667    0.460  449.999   -2.864    4.530
2455247.77053      -11.100    0.907     8168.152    1.016       -76.917    0.249     8168.343    0.190      -76.917    0.249   -8.258    3.415    5.119    0.622   0.4047   0.0002   0.3177   0.0003   0.4466   0.0004   0        7.339       47.952       -0.008        8.000      358.900 2455247.76976  -0.322000  -0.326000     0.709       NaN    0.118     0.250    0.872    0.073    0.998    0.500  900.001   -8.238    3.472
2455248.74560      -10.784    0.942     8168.703    1.038       -76.604    0.358     8168.703    0.288      -76.604    0.358   -3.410    3.236    7.125    0.898   0.4052   0.0003   0.3253   0.0004   0.4363   0.0006   0        7.338       47.940       -0.008        8.000      237.800 2455248.74483  -0.736000  -0.740000    -0.127       NaN    0.118     0.247    0.872   -0.118    0.998    0.500  450.001   -3.388    3.288
2455248.75147       -9.394    0.944     8170.321    1.040       -75.216    0.362     8170.310    0.292      -75.216    0.362   -7.469    3.656    6.795    1.056   0.4058   0.0003   0.3263   0.0004   0.4351   0.0006   0        7.336       47.938       -0.006        8.000      234.600 2455248.75071  -0.752000  -0.756000    -0.101       NaN    0.118     0.245    0.872   -0.129    0.998    0.500  450.000   -7.442    3.696
2456090.46367      -44.911    0.951     8134.012    1.044      -111.020    0.381     8134.391    0.306     -111.020    0.381   -0.354    4.003   11.955    1.054   0.3973   0.0003   0.3237   0.0004   0.4304   0.0006   0        7.341       47.908       -0.009        8.000      237.400 2456090.46290 -25.128000 -25.133000     0.321       NaN    0.163    -0.041    0.872    0.216    0.998    0.480  900.000   -0.332    3.966
2456722.69030       -1.544    0.571     8177.760    0.598       -67.417    0.294     8177.987    0.232      -67.417    0.294  -12.137    3.171   25.997    1.156   0.4030   0.0003   0.3197   0.0003   0.4435   0.0004   0        7.351       47.820       -0.005        8.000      305.600 2456722.68952  -6.728000  -6.733000     0.217       NaN    0.197     0.194    0.489    0.030    0.551    0.500  900.002  -12.117    3.208
2456724.64437        0.477    0.546     8179.454    0.592       -65.679    0.285     8179.844    0.223      -65.679    0.285  -12.053    3.263   23.826    1.257   0.4033   0.0002   0.3179   0.0003   0.4326   0.0004   0        7.351       47.836       -0.006        8.000      325.400 2456724.64358  -7.515000  -7.519000     0.400       NaN    0.197    -0.089    0.466    0.193    0.548    0.580  900.001  -12.023    3.284
2456726.63628       -3.071    0.503     8176.139    0.416       -68.679    0.298     8176.612    0.235      -68.679    0.298   -6.356    3.563   20.875    1.150   0.4027   0.0003   0.3189   0.0003   0.4331   0.0004   0        7.351       47.858       -0.005        8.000      305.200 2456726.63550  -8.399000  -8.404000     0.129       NaN    0.197     0.459    0.406    0.276    0.343    0.510  899.994   -6.309    3.575
2456728.66193        0.092    0.592     8179.617    0.652       -66.508    0.261     8179.121    0.202      -66.508    0.261  -10.954    2.720   16.499    1.103   0.4036   0.0002   0.3238   0.0003   0.4411   0.0004   0        7.348       47.884       -0.008        8.000      361.800 2456728.66114  -9.369000  -9.374000     0.572       NaN    0.197    -0.533    0.531   -0.693    0.619    0.500  900.001  -10.930    2.765
2456740.55342       15.618    0.709     8195.159    0.700       -51.785    0.302     8193.855    0.239      -51.785    0.302   -7.160    3.381   19.512    1.388   0.4020   0.0003   0.3189   0.0003   0.4435   0.0004   0        7.349       47.880       -0.006        8.000      299.900 2456740.55264 -14.135000 -14.140000     0.728       NaN    0.198    -1.336    0.642   -1.502    0.658    0.490  900.002   -7.152    3.285
2456747.67506       24.021    0.775     8203.183    0.787       -41.299    0.472     8203.735    0.383      -41.299    0.472   -3.031    4.463   21.055    1.602   0.3984   0.0004   0.3210   0.0005   0.4446   0.0007   0        7.349       47.866       -0.010        8.000      191.500 2456747.67427 -17.167000 -17.171000     0.613       NaN    0.198     0.748    0.615    0.354    0.687    0.500  450.002   -3.019    4.315
2456747.68059       21.590    0.776     8201.124    0.788       -43.731    0.474     8201.665    0.386      -43.731    0.474   -3.158    4.162   18.560    1.902   0.4001   0.0004   0.3196   0.0005   0.4431   0.0007   0        7.349       47.887       -0.008        8.000      189.500 2456747.67981 -17.180000 -17.184000     0.780       NaN    0.198     0.746    0.615    0.343    0.687    0.490  450.002   -3.151    3.994
2456749.69404       28.255    0.641     8207.971    0.732       -37.734    0.436     8207.961    0.356      -37.734    0.436  -13.161    4.042   19.330    1.718   0.3989   0.0004   0.3206   0.0005   0.4455   0.0007   0        7.348       47.869       -0.007        8.000      201.200 2456749.69325 -17.928000 -17.932000     0.297       NaN    0.198     0.078    0.470   -0.208    0.639    0.510  450.002  -13.141    3.902
2456749.69956       28.298    0.646     8207.914    0.734       -37.693    0.443     8207.893    0.361      -37.693    0.443  -11.924    3.948   18.479    1.695   0.3999   0.0004   0.3210   0.0005   0.4439   0.0007   0        7.344       47.882       -0.008        8.000      200.700 2456749.69877 -17.940000 -17.944000     0.301       NaN    0.198     0.077    0.470   -0.219    0.639    0.500  450.001  -11.906    3.799
2456757.61945       30.383    0.559     8209.830    0.508       -35.478    0.331     8210.158    0.263      -35.478    0.331   -0.932    3.436   19.720    1.432   0.4027   0.0003   0.3211   0.0004   0.4429   0.0005   0        7.350       47.877       -0.009        8.000      274.900 2456757.61867 -20.379000 -20.383000     0.882       NaN    0.198     0.207    0.451    0.130    0.435    0.480  900.000   -0.924    3.274
2456759.55761       32.780    0.749     8212.284    0.802       -32.958    0.316     8212.730    0.250      -32.958    0.316   -8.409    3.129   20.468    1.475   0.3991   0.0003   0.3283   0.0004   0.4339   0.0005   0        7.352       47.869       -0.007        8.000      288.400 2456759.55682 -20.809000 -20.813000     0.858       NaN    0.199     0.330    0.679    0.247    0.762    0.520  900.002   -8.392    2.943
2456789.52619       54.782    0.630     8233.921    0.615       -10.231    0.314     8235.355    0.249      -10.231    0.314   -3.323    3.454   18.672    1.309   0.4015   0.0003   0.3291   0.0003   0.4373   0.0004   0        7.349       47.883       -0.009        8.000      297.700 2456789.52541 -26.452000 -26.457000     1.492       NaN    0.200     1.054    0.546    1.234    0.562    0.510  900.001   -3.291    3.420
2456791.57824       55.894    0.543     8234.410    0.449       -10.599    0.265     8234.992    0.204      -10.599    0.265  -10.562    3.321   19.166    1.058   0.4000   0.0002   0.3214   0.0003   0.4358   0.0004   0        7.351       47.876       -0.008        8.000      359.700 2456791.57746 -26.704000 -26.709000     0.611       NaN    0.200    -0.426    0.474    0.382    0.400    0.510  900.000  -10.519    3.286
2456803.51115       66.085    0.483     8245.324    0.517         1.708    0.340     8247.553    0.272        1.708    0.340   -6.612    3.689   21.434    1.367   0.3999   0.0003   0.3221   0.0004   0.4365   0.0005   0        7.351       47.844       -0.006        8.000      261.600 2456803.51036 -26.818000 -26.823000     0.705       NaN    0.201     1.690    0.344    2.028    0.439    0.490  900.001   -6.592    3.698
2456804.47745       67.845    0.491     8247.089    0.493         3.119    0.320     8248.850    0.255        3.119    0.320  -12.741    3.895   20.706    1.276   0.3999   0.0003   0.3209   0.0004   0.4408   0.0005   0        7.350       47.841       -0.007        8.000      277.800 2456804.47667 -26.716000 -26.720000    -0.239       NaN    0.201     1.341    0.372    1.560    0.422    0.510  900.000  -12.716    3.906
2456999.86971      -24.864    0.527     8153.393    0.589       -92.548    0.264     8151.836    0.197      -92.548    0.264   -5.467    2.952   13.812    1.072   0.4067   0.0002   0.3238   0.0003   0.4373   0.0004   0        7.350       47.956       -0.011        8.000      357.800 2456999.86893  26.367000  26.362000     1.225       NaN    0.211    -1.617    0.456   -1.768    0.555    0.510  900.001   -5.441    2.989
2457021.81357        1.123    0.759     8179.448    0.821       -65.520    0.325     8178.862    0.254      -65.520    0.325  -10.412    3.529   19.753    1.448   0.4061   0.0003   0.3298   0.0004   0.4477   0.0005   0        7.349       47.902       -0.009        8.000      278.600 2457021.81279  21.661000  21.657000     0.188       NaN    0.212    -0.576    0.685   -0.798    0.780    0.500  900.002  -10.386    3.578
2457035.74699       14.248    0.798     8194.049    0.982       -53.038    0.291     8192.795    0.223      -53.038    0.291   -4.650    3.685   18.728    1.199   0.4051   0.0002   0.3254   0.0003   0.4465   0.0004   0        7.352       47.911       -0.009        8.000      321.900 2457035.74621  17.036000  17.032000     0.711       NaN    0.213    -1.219    0.744   -1.467    0.957    0.490  900.002   -4.645    3.673
2457075.78376       45.132    0.747     8224.623    0.734       -20.080    0.276     8225.598    0.214      -20.080    0.276    3.521    3.592   13.876    1.129   0.4057   0.0002   0.3188   0.0003   0.4491   0.0004   0        7.349       47.932       -0.011        8.000      339.800 2457075.78298  -1.177000  -1.182000     0.567       NaN    0.215     0.855    0.694    0.760    0.702    0.510  900.002    3.546    3.503
2457077.77225       46.966    0.677     8226.198    0.691       -18.643    0.308     8226.662    0.244      -18.643    0.308   -0.259    3.378   10.623    1.152   0.4047   0.0003   0.3270   0.0004   0.4366   0.0005   0        7.347       47.957       -0.012        8.000      288.100 2457077.77147  -2.109000  -2.113000     0.732       NaN    0.215     0.458    0.603    0.249    0.646    0.470  900.002   -0.225    3.291
2457102.63938       42.563    0.989     8221.693    1.068       -24.125    0.468     8221.587    0.381      -24.125    0.468   -7.781    4.756   13.964    1.982   0.4033   0.0004   0.3186   0.0005   0.4348   0.0007   0        7.351       47.931       -0.011        8.000      188.900 2457102.63859 -13.069000 -13.074000     0.103       NaN    0.217    -0.621    0.872   -0.323    0.998    0.510  450.000   -7.765    4.676
2457102.64485       44.481    0.999     8222.606    1.075       -22.209    0.488     8222.490    0.399      -22.209    0.488   -0.879    4.142   13.227    1.895   0.4040   0.0004   0.3198   0.0006   0.4344   0.0007   0        7.350       47.940       -0.013        8.000      179.600 2457102.64407 -13.085000 -13.089000    -0.023       NaN    0.217    -0.623    0.872   -0.333    0.998    0.490  450.001   -0.854    4.053
2457143.59318      -30.721    0.685     8148.649    0.748       -97.094    0.282     8148.541    0.219      -97.094    0.282   -3.374    3.335   16.047    1.240   0.4017   0.0002   0.3224   0.0003   0.4389   0.0004   0        7.352       47.912       -0.011        8.000      340.200 2457143.59240 -25.222000 -25.227000     0.883       NaN    0.219    -0.306    0.624   -0.327    0.716    0.500  900.001   -3.350    3.352
2457148.60918      -26.620    0.728     8153.523    0.965       -93.025    0.359     8153.149    0.288      -93.025    0.359   -4.505    3.950   15.171    1.440   0.4005   0.0003   0.3230   0.0004   0.4391   0.0005   0        7.351       47.931       -0.010        8.000      254.900 2457148.60840 -25.974000 -25.978000    -0.439       NaN    0.219    -0.338    0.634   -0.593    0.921    0.510  900.001   -4.474    3.967
