 5
 2.959139768995959E-04
 .0 .0 .0
 .0 .0 .0
 2.825328644877726E-07
 3.409530427945 3.635870038323 3.424028779974999E-02
 -5.604670182013000E-03 5.524493219597000E-03 -2.663981907246999E-06
 8.450771312702512E-08
 6.612079829705 6.386934883415 -.1361443021015
 -4.180230691976999E-03 4.003576742277000E-03 1.672376407859000E-05
 1.293944677448035E-08
 11.16769742622999 16.04343604329 .3617849409932999
 -3.265538550416999E-03 2.070723353855000E-03 -2.176677219660999E-05
 1.532112500184276E-08
 -30.17366005485 1.917641287545 -.1538859339981
 -2.241622739519000E-04 -3.107271885462999E-03 3.583760257057000E-05
