           4
 4.4980354662145316E-04
 0.0000000000000000E+00  0.0000000000000000E+00  0.0000000000000000E+00
 0.0000000000000000E+00  0.0000000000000000E+00  0.0000000000000000E+00
 5.3964751269773711E-08  1.5442362590739233E-02  2.9573328934406082E-04
-2.6822680485560363E-01 -0.0000000000000000E+00 -1.2323735832695165E-01
 2.0067679322872196E-02  0.0000000000000000E+00 -4.0608743700076430E-02
 3.5483054396321598E-07  6.8824462454102203E-02  5.5403493834232757E-04
-8.5430349671373962E-01 -0.0000000000000000E+00 -6.5529292281630946E-01
 1.1585876505345078E-02  0.0000000000000000E+00 -1.6822023556282241E-02
 2.4384820840489590E-07  1.1072388799366475E-01  4.8891873220476489E-04
-1.3472108331694144E+00  0.0000000000000000E+00  1.5464316716302617E+00
-1.2516973708960336E-02 -0.0000000000000000E+00 -7.2515559460910178E-03
