           3
 2.9592338593516655E-04
 0.0000000000000000E+00  0.0000000000000000E+00  0.0000000000000000E+00
 0.0000000000000000E+00  0.0000000000000000E+00  0.0000000000000000E+00
 5.0580952016567849E-07  8.8644407896050062E-02  6.2353258437360104E-04
 1.8734238171414166E-01  0.0000000000000000E+00  1.1952042297940166E+00
-1.4470065137222559E-02 -0.0000000000000000E+00  1.8547701996978112E-03
 6.6008078810774843E-07  1.4679697984166523E-01  6.8139015032588459E-04
 8.1728784840626711E-01 -0.0000000000000000E+00 -1.5065879538759486E+00
 1.0676422311767200E-02  0.0000000000000000E+00  7.0237328266874802E-03
