           3
 5.0306309814051838E-04
 0.0000000000000000E+00  0.0000000000000000E+00  0.0000000000000000E+00
 0.0000000000000000E+00  0.0000000000000000E+00  0.0000000000000000E+00
 7.6400876592188445E-07  1.0143157420818602E-01  7.1542621595882267E-04
-1.3136524978881561E+00  0.0000000000000000E+00 -8.8612438654044737E-02
 5.6916764105389474E-04  0.0000000000000000E+00 -1.9178500471671880E-02
 9.6634386040479179E-07  1.6700042385684438E-01  7.7370600406491462E-04
 1.5887492930558991E+00  0.0000000000000000E+00  1.1816215649875526E+00
-9.3724848123443831E-03  0.0000000000000000E+00  1.2752759360037360E-02
