           3
 5.0306309814051838E-04
 0.0000000000000000E+00  0.0000000000000000E+00  0.0000000000000000E+00
 0.0000000000000000E+00  0.0000000000000000E+00  0.0000000000000000E+00
 6.9143760189731958E-07  9.9304550124131322E-02  6.9201642262123602E-04
-3.1033540123048237E-01  1.4387101278494685E-02  1.3667788827658303E+00
-1.3085280707735618E-02  1.1538501709104983E-02 -4.8348991814408434E-03
 9.3623949088306396E-07  1.6760354033985658E-01  7.6558671460961872E-04
 1.6148216427414535E+00  2.2434687922768498E-01 -6.5044648097204982E-01
 7.3107987097398904E-03 -5.3057528867520558E-03  1.5382911970853449E-02
