1e-8 864000.000000 2 300 2000 500 0
1.700000 1 0 0 
2
hip5364.vels
  -1.2478110581882751E-002
1
   14.705386333999382     
1
hip5364_crires.vels
703.32345809661672
1
   12.398885447629588     
1
2
   50.200909712912178        400.73533682125355       -0.14        -0.2       120.0        90.000000000000000        0.0000000000000000     
1 1 1 1 1 0 0
   52.879112039631678        743.73129325042942        0.00001  0.0001        299.0        90.000000000000000        0.0000000000000000     
1 1 1 1 1 0 0
0.000000
0
2451745.994000
1


 

