1e-8 864000.000000 2 300 2000 500 0
1.700000 1 0 0 
2
hip5364.vels
  -1.2478110581882751E-002
1
   14.705386333999382     
1
hip5364_crires.vels
703.32345809661672
1
   12.398885447629588     
1
2
   50.200909712912178        408.73533682125355       0.16388149234425922        232.02915392659585        227.31212139994886        90.000000000000000        0.0000000000000000     
1 1 1 1 1 0 0
   52.879112039631678        743.73129325042942        2.4928895684687602E-003   1.5222164539038630        297.79704046479645        90.000000000000000        0.0000000000000000     
1 1 1 1 1 0 0
0.000000
0
2451745.994000
0


 

