2457486.54355  23620.12500     5.17200  
2457487.53440  23624.49000     4.80500  
2457523.49834  23624.79100     6.50900  
2457526.48703  23634.73300     4.18200  
2457536.54690  23638.44900     4.27200  
2457577.46178  23633.19400     5.51600  
2457728.82117  23638.30900     3.94300  
2457729.78799  23628.85800     4.47200  
2457730.82234  23623.25800     4.61500  
2457732.86060  23635.71300     7.01600  
2457733.78106  23638.98700     4.49300  
2457734.80921  23633.29200     3.53900  
2457735.83088  23624.63300     3.62300  
2457751.77509  23629.13400     3.73900  
2457752.73089  23619.91900     3.98200  
2457753.78195  23630.39700     4.71000  
2457754.80365  23642.49400     4.52700  
2457755.78183  23637.80500     4.26200  
2457756.85972  23625.82600     4.05900  
2457767.58842  23633.39300     1.73200  
2457767.59288  23624.14900     1.79300  
2457767.60142  23625.14300     6.73600  
2457767.60550  23622.48400     6.65400  
2457767.60913  23618.86700     5.99500  
2457767.61232  23601.83900     7.67900  
2457767.61726  23630.73100     6.45400  
2457767.62058  23624.94300     5.82400  
2457767.62435  23627.59800     5.72000  
2457767.62833  23624.47300     5.66900  
2457767.63203  23624.42900     5.59700  
2457767.63583  23619.50400     6.15800  
2457767.63982  23623.15100     6.12300  
2457767.64363  23628.59200     5.80800  
2457767.64747  23626.98800     5.46400  
2457767.65128  23628.13000     5.53700  
2457767.65502  23626.62400     6.04900  
2457767.65900  23625.07100     5.85900  
2457767.66273  23625.11600     6.18100  
2457767.66668  23625.92100     6.32500  
2457767.67052  23624.08400     5.78400  
2457767.67423  23629.69500     5.97800  
2457767.67814  23626.35700     6.00600  
2457767.68185  23622.65900     6.31200  
2457767.68604  23627.43600     6.43700  
2457767.68988  23629.88500     6.67500  
2457767.69355  23624.53100     6.54500  
2457767.69715  23631.85200     6.83000  
2457767.70131  23635.21800     6.90300  
2457767.70517  23627.03200     6.69000  
2457767.70908  23632.65100     6.87100  
2457767.71289  23630.64000     6.49700  
2457767.71669  23629.79700     6.40600  
2457767.72060  23634.33800     6.48700  
2457767.72431  23630.48700     6.58400  
2457767.72809  23623.04800     7.02600  
2457767.73196  23634.54400     7.54800  
2457767.73612  23621.44300     7.37100  
2457767.73971  23626.57400     6.84700  
2457767.74342  23625.20800     7.08800  
2457767.74751  23622.04500     6.57600  
2457767.75125  23626.58200     6.49500  
2457767.75512  23617.23200     6.79400  
2457767.75900  23623.53600     6.58700  
2457767.76284  23624.16500     6.43900  
2457767.76686  23623.93000     6.53800  
2457767.77049  23613.54300     6.55100  
2457767.77429  23616.25500     6.49000  
2457767.77820  23615.16500     6.62400  
2457767.78201  23611.22900     6.33700  
2457767.78581  23606.33800     6.43200  
2457767.78976  23617.66300     6.52400  
2457767.79356  23611.00600     6.27600  
2457767.79737  23610.52300     6.31800  
2457767.80118  23610.48600     6.35600  
2457767.80509  23616.30700     6.25800  
2457767.80903  23609.48100     6.65600  
2457767.81270  23612.13800     6.49300  
2457767.81658  23612.16500     6.62200  
2457767.82039  23612.37100     6.57000  
2457767.82423  23623.25200     6.17900  
2457767.82807  23620.93900     6.27200  
2457767.83201  23618.06300     6.09000  
2457767.83585  23620.66600     5.91700  
2457767.83962  23625.30300     5.84100  
2457767.84344  23627.30200     5.88500  
2457767.84728  23624.50300     5.99600  
2457767.85122  23621.43300     6.10500  
2457767.85510  23627.82200     5.91100  
2457767.85883  23619.27400     6.15300  
2457767.86267  23625.64500     5.98200  
2457767.86648  23616.00100     6.30500  
2457767.87039  23625.76600     6.20300  
2457767.87420  23624.61400     6.10600  
2457767.87805  23623.48700     5.85700  
2457769.80795  23614.46200     5.13300  
2457770.75618  23625.94400     5.97700  
2457816.65618  23629.80900     5.00400  
2457816.66113  23629.13600     4.90600  
2457816.67099  23628.31300     5.41300  
2457816.67587  23635.43100     5.64200  
2457816.67967  23633.41400     5.56700  
2457816.68347  23633.92800     5.85400  
2457816.68734  23639.65600     5.79000  
2457816.69124  23638.21500     5.82600  
2457816.69500  23638.80900     5.68600  
2457816.69873  23639.60200     5.75000  
2457816.70270  23633.40100     6.21200  
2457816.70660  23637.05700     6.11600  
2457816.71043  23631.84100     6.01800  
2457816.71415  23633.44200     5.92100  
2457816.71802  23637.90700     5.82300  
2457816.72178  23635.70900     5.94000  
2457816.72572  23631.93500     5.90700  
2457816.72937  23639.31500     6.06200  
2457816.73341  23633.66700     6.25800  
2457816.73714  23627.77700     6.05900  
2457816.74101  23627.57900     6.10800  
2457816.74484  23626.79000     6.01500  
2457816.74868  23626.02300     6.20900  
2457816.75258  23628.98400     6.08500  
2457816.75638  23620.17300     6.05700  
2457816.76010  23623.05100     5.85200  
2457816.76418  23627.43600     6.19700  
2457816.76787  23621.36200     5.89600  
2457816.77163  23618.08500     5.82700  
2457816.77543  23620.43500     5.78400  
2457816.77946  23619.85200     6.18500  
2457816.78318  23618.82600     6.00700  
2457816.78691  23617.04000     6.24400  
2457816.79088  23620.98000     5.96200  
2457816.79464  23617.24400     6.02200  
2457816.79847  23616.45200     6.34000  
2457816.80227  23608.26500     6.07600  
2457816.80618  23616.50000     6.16500  
2457816.80991  23613.18500     6.25800  
2457816.81384  23626.29200     6.29300  
2457816.81764  23626.18700     6.25500  
2457816.82143  23617.84700     6.28800  
2457816.82530  23620.89900     6.34300  
2457816.82913  23624.70000     6.39200  
2457816.83294  23625.88600     6.52300  
2457816.83680  23617.58000     6.53100  
2457816.84063  23623.37800     6.59300  
2457816.84439  23626.40200     6.65000  
2457816.84819  23618.36900     6.82800  
2457816.85213  23616.77600     6.76800  
2457816.85592  23622.83200     6.71400  
2457816.85979  23613.99200     6.59800  
2457827.53506  23629.91600     5.99700  
2457827.53953  23636.76900     6.07200  
2457827.54427  23634.49900     6.02700  
2457827.54867  23630.11400     5.72300  
2457827.55309  23634.86000     5.98600  
2457827.55757  23630.89000     6.13000  
2457827.56178  23639.52700     6.23300  
2457827.56600  23637.65300     6.77900  
2457827.57109  23644.78200     7.01900  
2457827.57538  23640.39300     6.65200  
2457827.57971  23651.54700     6.72700  
2457827.58408  23645.01400     6.25500  
2457827.58850  23642.57000     6.08600  
2457827.59283  23644.74800     6.00900  
2457827.59724  23644.49800     5.98900  
2457827.60165  23642.51700     5.79000  
2457827.60614  23638.67600     5.72000  
2457827.61057  23643.30000     5.77100  
2457827.61490  23643.61300     5.69300  
2457827.61931  23639.46800     5.71700  
2457827.62376  23639.09000     5.55400  
2457827.62809  23639.31800     5.41300  
2457827.63251  23634.85400     5.38900  
2457827.63696  23635.84100     5.28000  
2457827.64137  23631.65400     5.62000  
2457827.64578  23632.42900     5.33900  
2457827.65019  23626.37500     5.26800  
2457827.65453  23624.23600     5.58700  
2457827.65902  23629.36200     5.28900  
2457827.66343  23625.48000     5.35600  
2457827.66784  23618.21500     5.32000  
2457827.67225  23623.74300     5.21100  
2457827.67606  23606.88600     7.47100  
2457827.68165  23614.81800     6.17600  
2457827.68549  23623.91500     5.65600  
2457827.68998  23619.74700     5.61800  
2457827.69435  23624.51700     5.62800  
2457827.69883  23623.26200     6.11500  
2457827.70324  23625.36900     5.47600  
2457827.70766  23627.67000     5.42500  
2457827.71207  23631.24100     5.45900  
2457827.71641  23630.05500     5.50700  
2457827.72067  23622.74800     6.61400  
2457827.72529  23635.53700     5.47700  
2457827.72966  23628.04500     5.43400  
2457827.73407  23634.39200     5.48800  
2457827.73852  23629.02800     5.55300  
2457827.74323  23624.91800     5.72600  
2457827.74739  23634.68200     5.59100  
2457827.75172  23627.41700     5.63000  
2457827.75617  23627.86600     5.69200  
2457827.76058  23629.30400     5.59600  
2457827.76549  23631.49000     6.23100  
2457827.76949  23635.09100     5.74100  
2457827.77378  23619.57200     6.07100  
2457827.77823  23632.42500     5.89700  
2457827.78264  23636.59700     6.12600  
2457827.78710  23626.35900     6.14300  
2457827.79147  23633.40900     6.25000  
2457827.79588  23624.57600     6.36300  
2457827.80025  23630.85000     6.35300  
2457827.80470  23633.05800     6.34800  
2457827.80917  23626.52000     6.39300  
2457827.81365  23627.11100     6.44300  
2457827.81861  23623.69400     6.85200  
2457827.82262  23632.97700     6.47000  
2458198.71892  23614.12200     3.40200  
2458199.67653  23614.79800     2.84600  
2458201.64708  23634.51700     3.70900  
2458202.70519  23638.45400     3.04100  
2458203.61308  23627.11300     3.77700  
2458204.60967  23621.27100     3.84700  
